0;0;10;89;504;4491;6930;62471;92442
0;0;14;115;531;4477;7077;62517;92460
0;1;13;85;562;4487;6917;62651;92405
0;2;12;111;510;4454;6818;62491;92636
0;0;11;109;460;4489;6954;62502;92448
0;1;14;100;494;4494;6952;62052;92325
0;2;8;106;505;4392;6925;62601;92586
0;0;16;108;522;4471;6887;62384;92574
0;1;16;110;507;4455;6892;62086;92753
0;0;11;103;480;4399;6818;62569;92305
0;1;10;121;493;4422;7004;62361;92800
0;1;14;106;490;4383;7072;62891;92654
0;0;12;93;474;4529;7019;62707;92574
0;0;8;110;500;4404;6942;62511;91660
0;0;8;91;531;4443;6945;62626;92613
0;1;8;111;476;4506;6809;62668;92408
0;0;14;90;468;4496;7031;61964;92240
0;0;16;103;455;4362;6925;62864;93086
0;1;7;112;462;4464;7001;62105;92828
0;0;15;121;479;4428;7054;62397;93070
0;1;10;88;486;4453;7125;62293;92258
0;0;7;111;510;4390;6996;62390;92603
0;0;14;121;492;4538;6957;62833;92821
0;1;12;104;518;4474;6980;62486;92295
0;1;9;107;487;4387;6909;62654;92242
0;1;12;98;529;4527;6892;62009;92181
0;0;17;86;525;4492;6978;62592;92503
1;1;10;82;530;4331;7019;62643;92568
0;0;12;93;478;4559;6999;62246;92593
0;0;10;99;479;4448;6840;62488;92571
0;0;18;89;507;4469;6927;62618;92952
0;0;10;84;473;4513;6900;62868;92209
0;0;15;104;497;4572;7034;62761;92682
0;0;17;96;494;4420;6905;62335;92604
0;1;17;107;482;4390;6923;62242;92675
0;1;9;99;467;4514;6897;62824;92507
0;0;8;92;442;4514;6824;62458;92423
0;0;8;94;504;4334;7038;62481;92951
0;0;14;110;518;4477;6874;62144;92457
0;0;14;103;510;4626;6803;62314;93066
0;1;15;109;522;4463;6934;62209;92479
0;0;7;114;496;4558;6989;62487;92546
0;1;16;107;505;4543;6732;62512;92574
0;1;9;84;479;4430;7020;62495;92895
0;0;17;87;510;4460;6964;62794;92175
0;0;13;103;525;4460;6860;62421;92811
0;0;12;97;490;4454;6897;62439;92599
0;0;9;112;506;4430;6863;62598;92378
0;1;17;91;513;4370;6911;62817;92605
0;0;5;91;510;4404;6858;62825;91846
0;0;12;107;510;4574;7080;62535;92047
0;0;8;112;525;4504;7037;62421;92316
0;0;16;114;488;4464;6966;62661;92582
0;0;11;100;491;4396;6943;62020;92618
0;0;10;114;500;4473;6772;62016;92468
0;1;16;102;460;4578;6956;62880;92502
0;0;9;97;520;4456;6806;62265;92813
0;1;13;106;530;4474;6821;62677;92664
0;0;13;96;500;4504;6910;62473;92326
0;0;12;100;509;4453;6967;62104;92416
0;2;16;107;477;4460;6908;62678;92355
0;1;9;113;526;4532;6974;62396;93034
0;0;13;77;500;4581;6973;62754;92488
0;0;7;100;488;4486;6949;62857;92753
0;0;13;103;497;4417;6939;62943;92986
0;0;11;110;494;4482;6943;62418;92098
0;0;10;102;487;4411;6838;62783;92349
0;0;16;91;487;4407;7066;62451;92536
0;1;7;92;463;4396;6888;62537;92206
0;0;10;111;485;4595;6960;62499;92607
0;1;9;94;507;4551;6905;62604;92050
0;1;6;104;511;4432;6978;62464;92613
0;1;14;103;513;4408;6984;62260;92504
0;0;15;112;449;4496;6962;62477;93025
0;1;11;118;470;4584;6787;62180;92414
0;0;10;104;487;4595;6896;62575;92939
0;1;10;112;480;4443;6861;62558;92593
0;0;10;126;495;4556;6864;62918;92846
0;0;9;106;478;4494;6980;62471;92683
0;1;10;100;507;4330;7009;62317;92889
0;0;14;99;499;4540;7010;62811;92307
0;0;18;110;500;4377;7132;62244;92656
0;0;14;119;483;4512;6898;62434;91987
0;0;8;93;494;4452;6971;62616;92000
0;2;15;92;461;4435;6930;62805;92631
0;0;10;100;544;4470;6888;62784;91906
0;0;15;110;498;4453;7035;62626;92153
0;0;12;102;460;4523;7033;62319;92364
0;0;8;99;486;4347;6824;62146;92518
0;0;13;110;516;4525;7049;62820;92740
0;0;9;91;490;4496;6945;62488;92592
0;0;17;106;475;4453;6951;62660;92902
0;0;17;109;499;4514;6903;62664;92742
0;0;10;105;480;4421;6915;62803;92276
0;0;10;103;483;4391;6900;62387;92536
0;0;12;91;517;4410;6984;62977;92912
0;0;11;114;504;4553;6866;62583;92412
0;0;13;90;512;4515;7041;62029;92548
0;1;15;91;514;4518;6839;62576;92724
0;1;6;116;494;4422;6971;62514;92990
1;0;14;106;511;4495;6912;62551;92777
0;0;15;109;514;4507;6930;62694;92620
0;1;8;99;510;4523;7166;62553;92997
0;0;10;96;501;4577;7050;63092;92016
0;0;8;95;533;4400;6903;62825;92375
0;0;5;88;479;4381;7057;62547;92564
0;0;15;130;487;4638;7086;62410;91896
0;0;8;113;481;4400;6890;62453;92729
0;0;14;92;487;4424;7092;62716;92719
0;1;12;97;515;4421;6910;62351;93190
0;0;11;100;460;4499;6879;62500;92397
0;0;11;118;486;4466;6884;62557;92396
0;1;8;114;501;4509;6873;62751;92164
0;0;16;101;513;4527;6878;62628;92853
0;2;10;95;480;4381;7013;62780;92538
0;1;13;104;475;4469;6813;62364;92367
0;1;19;120;479;4525;7024;62175;91902
0;3;4;111;487;4447;6902;62241;92242
0;0;14;107;527;4417;6825;62530;92183
0;0;9;116;514;4451;6813;62508;92788
0;1;11;106;509;4506;6906;62751;92466
0;0;13;114;488;4431;6923;62593;92684
0;0;12;77;517;4468;6828;62433;92565
0;0;8;113;491;4445;6888;62519;92406
0;0;12;112;466;4508;6948;62536;92386
0;0;19;107;511;4453;6896;62462;92373
0;1;8;93;500;4380;6954;62007;92340
0;0;9;95;492;4485;6919;62461;92746
0;0;9;95;506;4556;7006;62364;92610
0;0;10;122;463;4558;6798;62289;92488
0;0;11;91;478;4515;6946;62556;92723
0;0;18;124;519;4424;6929;62517;92572
0;0;6;108;540;4372;7000;62247;92720
0;0;16;116;499;4476;6974;62759;92519
0;0;14;81;512;4410;6920;62279;92469
1;0;10;105;491;4546;7028;62544;92292
0;1;7;105;501;4401;7051;61926;92451
0;0;7;97;482;4476;7047;62678;92688
0;0;17;109;474;4327;6912;62150;92449
0;1;10;96;487;4516;6851;62331;92328
0;0;12;108;486;4505;6849;62591;92425
0;1;12;100;478;4344;7008;62887;92467
0;0;7;104;516;4489;6990;62043;92610
0;0;11;99;516;4405;7051;62292;92760
0;0;5;114;497;4409;6855;62294;92656
0;0;11;103;477;4392;7016;62766;92779
0;0;12;114;467;4459;6795;62259;92544
0;1;10;110;519;4453;6801;62534;91987
0;0;20;96;509;4412;6958;62352;93030
0;1;16;117;547;4535;6939;62405;92264
0;1;9;99;516;4425;6998;62732;91870
0;1;10;116;486;4487;6940;62202;92853
0;0;8;95;539;4378;6859;62515;92263
0;2;8;100;528;4348;7057;63020;92779
0;1;14;103;474;4257;7015;62744;92950
0;1;13;106;521;4551;6875;62827;92369
0;1;8;91;499;4434;7156;62326;92232
0;0;12;109;518;4500;7024;62675;92353
0;0;13;91;470;4469;6802;62792;92548
0;0;8;105;486;4405;6896;62657;92472
0;1;11;98;471;4462;6910;62084;92733
0;1;7;106;496;4365;6966;62620;92268
0;0;7;88;524;4405;7058;62451;92803
1;0;15;110;488;4449;6987;62229;93060
0;0;16;94;528;4499;6988;62720;92318
1;0;14;98;506;4567;7110;62723;92111
0;0;15;116;479;4526;6922;62491;92800
0;0;16;105;480;4498;6993;62738;92623
1;0;11;95;493;4522;6941;62765;93082
0;1;13;103;481;4411;7032;62065;93311
0;0;12;107;532;4456;7096;62323;92780
0;0;10;121;474;4484;6942;62403;92776
0;1;11;91;557;4385;6905;62347;92334
0;0;15;116;492;4516;7030;62842;92644
0;0;10;107;533;4453;7042;61946;92625
0;1;5;102;488;4471;6885;62151;92700
1;1;13;100;525;4353;6846;62539;92865
0;0;10;93;466;4600;7004;62688;91951
1;1;21;105;496;4423;7041;62932;92342
0;0;17;105;476;4506;6973;62186;92852
0;1;12;109;454;4295;6995;62103;92896
0;0;15;110;517;4373;6912;62545;92386
1;0;11;100;492;4458;6930;62624;92447
0;0;13;94;468;4400;7081;62376;92630
0;0;10;109;459;4472;6974;62303;92543
0;0;16;118;499;4567;6924;62718;92748
0;1;13;104;464;4505;7001;62948;91925
0;0;13;96;476;4421;7083;62649;92652
0;0;12;88;481;4436;6978;62748;92270
0;1;5;117;496;4465;6949;62412;93292
0;0;4;91;484;4407;7015;61978;92660
0;0;13;85;488;4434;7038;62561;92648
0;1;9;108;511;4467;6928;62641;92624
0;0;7;113;508;4544;7017;62734;92613
0;1;14;88;473;4454;6799;62788;92344
0;0;17;109;529;4477;6867;62809;92844
0;1;11;103;514;4421;6951;62487;93057
0;1;13;120;471;4460;7021;62229;92746
0;0;12;83;496;4413;6880;62131;92751
0;0;19;128;517;4536;6972;62604;92416
0;0;9;113;459;4411;6872;62682;92603
0;1;11;125;489;4460;6890;62680;92804
0;0;18;116;480;4406;6967;62552;92308
0;1;8;116;517;4460;6967;62378;92629
0;0;9;97;465;4523;6938;62428;92714
0;0;8;101;519;4481;6925;62498;92838
0;1;18;102;485;4410;6943;62211;92507
0;0;19;104;482;4454;6930;62678;92696
0;2;12;102;500;4543;7178;62268;92547
0;0;14;84;507;4459;6856;62428;93274
0;0;15;100;450;4453;7016;62415;92729
1;0;7;103;480;4361;6835;62461;92775
0;0;8;104;504;4380;6973;62520;92690
0;1;13;108;492;4536;6838;62693;92858
0;1;8;110;484;4446;6923;62770;93149
0;0;10;94;499;4483;6944;62194;92625
0;1;7;95;508;4410;7020;62692;92412
0;0;10;101;536;4544;6872;62134;93075
0;0;11;106;512;4388;7119;61792;92754
0;0;13;103;502;4522;6873;62359;92450
0;1;6;102;511;4455;7046;62368;92385
1;0;11;116;527;4538;6964;62606;92498
0;1;18;94;471;4328;6963;62206;92769
0;1;23;112;466;4412;7051;62443;92680
0;1;16;95;509;4538;6948;62501;92896
0;0;10;108;475;4527;6928;62343;92644
0;1;11;132;469;4446;7022;62699;92736
0;0;10;115;502;4520;7042;62130;93102
0;0;10;100;482;4386;6820;62402;92460
0;0;12;104;498;4552;6976;62803;92774
0;0;11;114;526;4414;6920;62475;92630
0;0;20;108;564;4473;6953;62659;92145
0;0;15;85;515;4468;7029;62700;92557
0;0;8;124;489;4421;6999;62582;92858
0;0;11;107;506;4469;6886;63048;92548
0;1;19;108;515;4493;7025;62590;92194
0;0;10;103;499;4496;7015;62721;92800
0;0;13;136;473;4448;6907;62542;92038
0;0;17;112;490;4471;6856;62540;92569
0;0;12;101;505;4446;6789;62479;92049
0;0;13;103;432;4490;6991;62343;92656
0;2;14;89;486;4510;7010;62391;92780
0;0;12;102;516;4601;6992;62371;92337
1;0;17;101;510;4524;6889;62028;92198
0;0;16;98;490;4370;7069;62340;92521
0;1;17;100;498;4509;6872;62701;92807
0;1;10;99;509;4423;7063;62379;92886
0;1;9;94;550;4516;7110;62761;92632
0;0;13;102;468;4359;6923;62349;92342
0;1;11;104;539;4395;6760;62455;92893
0;0;16;99;442;4424;7066;62543;92338
0;0;7;93;467;4457;6898;62188;92490
0;2;8;116;505;4570;6831;62703;92092
0;0;10;97;490;4506;7055;62570;92649
0;0;15;96;470;4430;6850;62726;92190
0;1;7;95;498;4498;6950;61955;93203
0;1;8;95;498;4502;6970;62287;92389
0;2;7;97;502;4490;6827;62267;92304
0;0;12;128;505;4540;6956;62672;92628
0;0;11;94;485;4395;6884;61905;92972
0;1;12;106;489;4473;6937;62876;92258
0;0;16;112;533;4414;6921;62230;92725
0;0;15;109;503;4463;6957;62509;92594
0;0;15;115;495;4523;6964;62374;92423
0;1;11;103;483;4391;6963;62494;92715
0;0;14;96;519;4423;7083;62857;92677
0;0;17;115;482;4379;6814;62541;92177
0;0;16;114;508;4523;6916;62874;92781
0;0;6;116;496;4502;6925;62519;92527
1;1;5;95;474;4504;6835;62509;92802
0;1;12;91;539;4439;6794;62587;93205
0;0;10;102;488;4588;6964;62578;93048
0;0;10;96;480;4446;6966;62497;92919
0;0;12;97;507;4572;6936;62527;92228
0;0;11;100;510;4376;6946;62505;92591
0;1;10;127;492;4436;6845;62549;92043
0;1;8;77;495;4506;6838;62956;92814
0;1;13;109;438;4557;7026;62988;92544
0;1;13;104;526;4481;6944;62559;92049
0;0;18;105;480;4452;7066;62757;92458
0;1;15;96;468;4504;6937;62760;92457
0;0;14;126;520;4499;7024;62558;92412
0;1;7;98;481;4407;7037;62487;91983
0;1;11;96;452;4562;6872;62050;92778
0;1;6;90;489;4580;6974;62957;92884
0;0;13;119;463;4412;6886;62743;92538
0;1;9;106;505;4502;7025;62723;92980
0;1;16;113;504;4467;6826;62350;92710
0;1;16;98;480;4467;6916;62555;92584
0;0;9;96;492;4495;6868;62147;92222
0;0;11;95;480;4494;6911;62481;92086
0;1;13;126;485;4419;7020;62797;93015
0;1;9;103;489;4583;6844;62745;92936
0;0;9;108;460;4603;6854;62957;92692
0;0;11;105;531;4269;6934;62357;91866
0;0;11;106;455;4386;6906;62556;92860
0;2;9;110;470;4343;7094;62285;92705
0;0;14;115;502;4361;6964;62490;92637
0;0;6;122;483;4414;6926;62405;92360
0;0;9;100;499;4569;6966;62318;92818
0;0;14;109;493;4373;7047;62405;92643
0;0;19;99;498;4563;6940;62556;92812
0;1;10;105;502;4439;6999;62691;92696
0;0;11;101;528;4404;7012;62594;92526
0;1;14;102;492;4420;6939;62688;92700
0;1;10;85;505;4397;6945;62632;92086
0;0;15;96;490;4603;6886;62373;92558
0;0;9;111;484;4397;6998;62573;92007
0;0;16;107;482;4406;6954;62350;92922
0;0;10;101;499;4451;6978;62525;92770
0;1;12;88;513;4370;6961;62081;92781
0;1;8;94;527;4605;6821;62631;92062
0;1;10;118;483;4338;7162;62736;92166
0;0;10;115;492;4461;6840;62459;92411
1;1;9;124;479;4340;6969;62485;92516
0;0;10;106;501;4500;6957;62257;92471
0;2;9;104;489;4513;7052;62084;92408
0;1;11;95;473;4393;6823;62391;92973
0;0;7;118;506;4514;6882;62771;92087
0;1;14;107;468;4458;7044;62339;92859
0;3;13;111;488;4405;7053;62496;91919
0;0;16;94;486;4416;6960;62833;92447
0;0;11;93;490;4475;6947;62367;92450
0;1;10;98;498;4465;6934;62224;92400
0;1;16;100;484;4451;6900;61992;92488
0;0;11;102;503;4499;6869;62356;92735
0;2;9;95;522;4441;7063;62859;92479
0;0;12;108;482;4419;6945;62536;92232
0;1;5;97;473;4568;7060;62091;92571
0;0;13;89;527;4473;7059;62519;92270
0;0;14;96;460;4433;6963;62529;92764
0;0;9;100;497;4496;6897;62504;92325
0;0;9;109;511;4321;6932;62480;92202
0;0;14;92;506;4464;6920;62625;92380
0;1;17;114;458;4476;6918;62199;92592
0;0;10;105;494;4498;6923;62662;92339
0;1;15;96;501;4444;7089;62731;92436
0;0;5;105;523;4495;6984;62535;92780
0;0;8;121;497;4440;6845;62278;92816
0;1;13;83;496;4358;6815;62496;92541
1;1;13;97;519;4421;6913;62241;92720
0;3;11;91;486;4336;6950;62338;92726
0;0;6;102;438;4452;7005;62240;92695
0;0;9;97;496;4501;7072;62628;92444
0;1;16;105;475;4533;6807;62768;92766
0;0;11;106;501;4510;7032;62128;92793
0;0;14;96;471;4485;6809;62557;92958
0;0;16;94;493;4508;6886;62287;92759
0;1;12;111;490;4547;6959;62433;92276
0;0;5;99;520;4371;6935;62280;92682
0;0;7;96;471;4468;6849;62853;92573
0;0;16;115;506;4410;7001;62347;92442
0;0;7;85;497;4472;6959;62947;92436
0;0;12;111;503;4535;6834;62244;93004
0;0;7;97;532;4500;6705;62527;92662
0;2;16;92;499;4413;6765;62383;92208
0;1;14;116;502;4456;6880;63062;93255
0;0;15;95;478;4444;6854;62251;92499
0;1;14;95;490;4410;6715;62673;92740
0;0;17;120;513;4504;6967;62358;93138
0;1;12;81;452;4509;7041;62133;92347
0;0;12;96;473;4409;6975;62151;92890
0;0;13;94;487;4381;6980;62299;92523
0;0;11;88;508;4509;7026;62783;92675
0;0;9;99;497;4396;6810;62375;92194
0;1;9;120;490;4484;6937;62922;92228
1;0;9;91;532;4507;6930;63040;92877
0;1;11;97;519;4484;6982;63216;92009
1;1;12;92;448;4397;6978;62126;92811
0;1;14;99;488;4451;6940;62056;92371
0;0;13;105;498;4439;6930;61992;92725
0;0;6;102;494;4540;6927;62816;92820
0;0;15;114;488;4546;6808;62666;92635
0;0;16;101;483;4415;7049;62470;92074
0;0;19;105;479;4381;6834;62533;92458
0;0;10;110;471;4441;6975;62332;92911
0;0;11;95;506;4640;6963;62358;92406
0;4;15;104;488;4455;6983;62530;92505
0;0;11;116;487;4585;6818;62663;92973
0;0;11;100;469;4339;7112;62521;92554
0;2;11;115;471;4425;7026;62535;92651
0;1;5;123;495;4436;6863;62610;92817
0;1;13;101;512;4393;6948;62513;92621
0;2;14;90;500;4398;6944;62400;92359
0;1;14;104;509;4487;6949;62761;92731
0;1;9;106;500;4490;7038;62463;92317
0;1;18;96;482;4368;6966;62604;92778
0;0;12;142;453;4399;6873;62464;92701
0;0;11;121;504;4524;6908;62082;92073
0;0;14;101;515;4462;6983;62310;92633
0;0;17;114;474;4385;7000;62450;91804
0;0;12;124;495;4463;6998;62559;93004
0;0;11;83;537;4386;6961;62286;92158
0;0;14;92;498;4427;6890;62661;92845
0;0;9;98;496;4578;7003;62750;92350
0;1;14;126;475;4411;6933;62506;92647
0;0;15;115;497;4543;6880;62697;92071
0;0;11;89;467;4544;6909;62464;92354
0;1;12;104;498;4372;7042;62393;92782
0;2;11;114;496;4488;7018;62767;92775
0;0;14;93;464;4472;6873;62331;92455
1;1;7;103;462;4467;7065;62757;92744
0;4;16;98;529;4481;6990;62964;91889
0;0;8;85;546;4395;6836;62595;92927
0;1;12;96;495;4370;6954;62321;92249
0;0;9;111;465;4448;6967;62438;92510
0;0;13;104;485;4374;6965;62605;92844
0;1;9;127;492;4477;6856;63061;92522
0;0;11;94;512;4507;6975;62471;92575
0;0;9;88;502;4464;6952;62872;92807
0;1;14;106;474;4342;6998;62628;92848
0;1;15;83;484;4523;6990;62674;92361
0;1;14;102;483;4462;6888;62197;92238
1;0;11;125;517;4439;7113;62539;92536
0;0;13;129;511;4462;6908;62387;92161
0;1;11;80;495;4434;6872;62472;92307
1;1;9;106;483;4553;6901;62597;92229
0;0;7;88;505;4389;6966;62663;92194
0;0;16;89;480;4369;6950;62994;92508
0;0;7;116;487;4394;6942;62821;92802
0;1;9;104;489;4449;7036;62698;93026
0;0;16;116;491;4489;6931;62436;92924
1;0;14;110;485;4421;6966;62883;92538
0;0;10;113;498;4356;6864;62528;91943
0;0;9;115;509;4476;7035;62488;92908
0;1;10;108;483;4492;6826;62192;92638
0;0;6;103;510;4398;7094;62737;92368
0;0;14;108;507;4528;6945;62223;92839
1;2;10;117;497;4458;6894;62974;91987
0;0;7;104;473;4449;6942;62297;92616
0;1;10;90;487;4574;6980;62302;92597
0;0;16;123;499;4483;6900;62245;92301
0;1;10;93;485;4447;7021;62491;92144
0;1;8;97;517;4561;6943;62270;92980
0;0;12;116;484;4614;6918;62691;92531
0;1;9;103;483;4452;7021;62778;92581
0;1;22;121;489;4564;6913;62619;92818
0;1;8;104;454;4410;7042;62280;92726
0;0;7;113;496;4472;6933;62494;92726
0;0;15;102;478;4465;6784;62236;92623
0;0;13;100;475;4465;7044;62854;92983
0;1;12;102;481;4460;6934;62241;92219
0;0;15;119;506;4441;6959;62664;92587
0;0;10;111;507;4451;6961;62649;92495
0;1;15;105;482;4397;6955;62696;92315
0;0;6;97;517;4588;6907;62554;92330
1;2;9;106;514;4453;6966;62327;92197
0;1;18;119;480;4451;6943;62434;92991
1;0;13;112;481;4428;6962;62218;92191
0;0;9;85;507;4481;6840;62264;92642
0;1;18;96;493;4448;6996;62821;91972
0;0;19;125;491;4583;7008;62732;92347
1;0;18;86;505;4455;6891;62277;92268
0;0;13;122;479;4569;6988;63000;92635
0;1;9;102;500;4556;6957;62727;92348
0;0;11;96;464;4382;6958;62802;92157
0;0;12;90;491;4469;6801;62486;92953
0;1;11;108;488;4414;6943;62536;92221
0;0;11;116;498;4576;7067;62810;92816
0;0;12;132;514;4495;6930;62417;92412
0;0;14;111;508;4518;6931;62260;92990
0;1;18;98;511;4546;6881;62371;92498
0;0;9;104;492;4413;6943;63081;92266
1;1;8;141;547;4459;6971;62986;92411
0;2;12;105;462;4507;7145;62355;92297
0;0;9;86;503;4417;6933;62156;92097
0;0;9;116;527;4576;6830;62608;92934
0;0;19;92;472;4594;6890;62403;93319
0;0;12;99;494;4460;6908;62697;93002
0;1;12;107;489;4432;7003;62504;92408
0;1;15;106;491;4445;6877;62318;92664
0;0;12;97;522;4527;6910;62280;92673
0;0;5;115;508;4486;6878;62580;92710
0;0;10;95;546;4380;6964;62328;92276
0;0;13;106;504;4423;6859;62634;92818
0;1;20;99;459;4501;6893;62731;92873
0;0;11;103;499;4526;6987;62555;92524
0;0;7;119;497;4513;6903;61979;92454
0;0;9;88;517;4421;6893;62784;92711
0;0;3;109;488;4487;7019;62362;92338
0;0;5;112;502;4475;6945;62372;92619
1;0;9;88;457;4419;6954;62445;93155
0;0;10;118;511;4451;6908;62352;92536
0;0;12;82;562;4442;7058;62412;92358
0;1;10;102;493;4461;6913;62758;92557
0;2;12;100;463;4424;6811;62740;93240
0;0;9;101;472;4504;6923;62796;92374
0;0;11;107;520;4473;6854;62661;92233
0;0;12;89;509;4476;6998;62299;92521
0;1;14;121;489;4379;6972;62668;92504
0;0;11;85;559;4486;6962;62236;92976
0;1;9;95;497;4455;6966;62306;92016
0;1;10;118;481;4388;6874;62760;92690
0;0;13;108;499;4446;6876;62427;92254
0;0;17;112;532;4514;6998;62522;92025
0;1;10;82;479;4567;6974;62309;92445
0;0;6;105;472;4612;6884;62309;92965
0;0;10;108;479;4417;6942;62651;92387
0;0;12;100;483;4519;7028;62887;92303
0;2;15;95;544;4457;6897;62614;92755
0;1;7;98;485;4485;6866;62750;92186
0;0;14;105;512;4489;6893;62878;92561
0;1;7;110;495;4513;7016;62454;93411
0;1;7;111;504;4548;6963;62628;92385
0;0;15;136;493;4425;6855;62692;92734
0;0;12;71;519;4387;7069;62440;92335
0;0;10;102;504;4507;7060;62339;92631
0;0;14;99;483;4410;7019;62279;92471
0;1;16;103;515;4558;6971;62792;92518
0;0;5;113;505;4389;7013;62660;92648
1;0;11;119;497;4458;6998;62851;92288
0;2;10;82;489;4346;6946;62327;92277
0;0;13;105;450;4422;7136;61930;92437
0;0;10;121;472;4547;6966;62362;92835
0;0;4;91;508;4374;6861;62541;92456
0;1;14;99;468;4710;7024;62892;92506
0;0;11;99;504;4376;7062;62423;92361
0;1;9;86;496;4580;6981;62406;92530
0;1;15;108;484;4391;7014;62225;93006
0;0;9;110;533;4444;7054;62333;93018
1;1;8;101;466;4467;7000;62313;91972
0;1;13;108;477;4381;6820;62640;92839
0;0;19;90;502;4530;7006;62050;92677
0;2;13;101;474;4337;6937;62907;92520
1;0;13;100;513;4528;6840;62443;92860
0;0;10;112;517;4478;7053;62918;92794
0;1;11;105;470;4477;6958;61915;92519
0;0;7;104;487;4437;6984;62206;92694
0;0;11;106;480;4424;7073;62816;92654
0;0;11;99;502;4494;6914;62235;92469
0;0;12;93;503;4481;6936;62304;92553
0;0;11;95;506;4472;6957;62658;92275
1;1;10;113;474;4433;6921;62184;92328
0;1;13;115;519;4503;7066;62455;92626
0;1;6;110;474;4432;6956;62566;92601
0;0;15;110;485;4418;6989;62914;92485
0;1;15;102;478;4485;6971;62617;92411
0;0;17;115;542;4577;6965;62641;92487
0;0;13;99;505;4399;6816;62328;93174
0;0;9;93;533;4426;6800;62713;91905
0;0;10;118;515;4503;7048;62488;92560
0;0;13;93;509;4487;6816;62393;92714
0;0;15;106;527;4461;6886;62849;92510
0;0;11;94;506;4438;7008;62727;92442
0;2;11;89;471;4512;6994;62421;92326
0;0;10;92;492;4441;6894;62752;92575
0;0;12;127;484;4383;7036;62179;92642
0;1;14;111;491;4489;6884;62387;92854
0;0;11;116;504;4465;6935;62569;92612
0;1;11;72;509;4544;7098;62647;92126
0;0;14;105;481;4351;6925;62659;92254
0;1;12;109;464;4437;6868;62745;92393
0;0;15;88;453;4430;6977;62726;92933
0;0;17;98;511;4357;7044;62174;92346
0;0;10;104;504;4546;6805;62619;92869
0;1;10;105;512;4559;6957;62452;92228
0;1;8;112;500;4464;6907;62652;92287
0;0;11;92;502;4447;6961;62500;92793
0;0;14;99;498;4552;6890;62281;92484
0;0;11;108;476;4400;6883;62229;92545
0;2;6;95;474;4469;6939;62697;92455
0;1;7;117;521;4398;6831;62901;92463
1;2;7;103;484;4389;6943;62698;92582
0;1;9;106;541;4576;6794;62160;92205
0;0;10;103;493;4498;7014;62335;92162
0;0;13;107;491;4457;6909;62189;92907
0;0;11;117;500;4394;6971;62558;92649
0;0;8;93;494;4517;6931;62532;92419
0;1;9;105;526;4540;7047;62333;92398
0;1;8;101;500;4455;6861;62473;92361
0;0;10;112;461;4438;6872;62415;92661
0;0;14;97;504;4434;6961;61910;93058
0;2;16;122;490;4320;6786;62384;92433
0;0;11;118;464;4512;6857;62653;92411
1;0;10;108;470;4549;7065;62355;92653
0;0;12;99;463;4389;6969;62329;92196
0;1;15;110;513;4431;6910;62571;92625
0;0;12;86;493;4395;6919;62498;92227
1;0;10;99;473;4498;6832;62102;92448
0;0;15;99;490;4444;7010;62161;92542
0;0;10;104;518;4466;6890;62004;92920
0;1;7;101;452;4425;7091;62609;92604
0;1;11;115;523;4512;6835;62454;92758
0;1;9;110;457;4544;7128;63310;92405
0;1;10;119;507;4609;7037;62688;92844
0;0;6;119;532;4394;6988;62905;92078
0;0;8;94;479;4445;7041;62864;92587
0;1;12;79;493;4386;7134;62249;92555
0;1;10;100;505;4355;6891;62723;92062
0;1;13;111;483;4479;6930;62514;92898
0;3;9;113;504;4504;7027;62811;92266
1;0;17;84;476;4524;7038;62268;92391
0;1;10;99;522;4432;6956;62345;92607
0;0;9;104;481;4550;6933;62205;92535
0;0;7;91;507;4537;6877;62594;92966
0;0;12;102;452;4343;6974;62332;92482
0;0;14;97;494;4413;6866;62625;92662
0;1;12;105;470;4513;7028;62361;92270
0;0;13;98;506;4519;6983;62488;93305
0;1;14;108;539;4393;6874;62802;92156
0;0;10;95;511;4530;6980;62539;93415
0;1;17;107;487;4381;6888;62450;92834
0;0;12;101;513;4507;6919;62839;92894
0;0;8;110;496;4474;6941;61971;92607
0;0;5;112;492;4447;6915;62207;92672
0;1;17;106;550;4473;7018;62500;92626
0;1;13;98;479;4536;6858;62687;92173
0;1;15;103;477;4502;7059;62645;92249
0;0;10;86;494;4404;6919;62598;92516
0;2;18;106;513;4411;6967;62584;92444
0;1;13;107;469;4580;6911;62948;91964
0;1;6;85;501;4459;7094;62403;92351
0;0;9;105;492;4447;6914;62516;92364
1;0;13;118;485;4411;7119;62925;92686
0;0;14;112;514;4449;6826;62043;92804
0;0;9;97;504;4408;6943;62836;92233
0;0;7;107;517;4418;7026;62430;92809
0;0;16;100;475;4485;6925;62138;92593
0;1;10;118;483;4451;7010;62284;92550
1;2;7;111;476;4474;7067;62590;92507
0;0;11;93;478;4471;6791;62244;92493
0;0;10;105;497;4377;6844;62511;92424
0;0;11;105;465;4438;7041;62617;92622
0;0;15;99;516;4490;6941;62002;92856
0;1;16;99;518;4428;6863;62217;92647
0;1;15;112;491;4409;6764;62660;92632
0;0;18;111;499;4401;7129;62839;92122
0;0;11;115;500;4498;7027;62805;92756
0;0;12;112;499;4501;6874;62603;92001
0;2;14;100;464;4425;7087;62181;92262
0;0;6;105;496;4525;7032;62249;91804
0;0;16;97;488;4378;6914;62054;92113
0;0;17;118;495;4404;6923;62300;92454
0;0;11;91;505;4474;7085;62500;92776
0;0;14;110;448;4458;6849;62902;92337
0;0;12;115;507;4330;6867;62644;92839
0;2;9;107;505;4412;6903;62473;92779
0;0;10;97;477;4410;6973;62429;92225
0;0;12;100;553;4482;6943;61850;92910
0;0;12;125;482;4613;6861;62355;92883
0;1;7;91;499;4431;6883;62372;92209
0;0;14;101;468;4628;6920;62173;92531
0;0;11;93;469;4531;6832;62369;93062
1;0;10;110;501;4439;6927;62507;92517
0;1;7;96;510;4394;7030;62611;92432
0;0;12;93;457;4434;6953;62346;92539
0;0;10;126;476;4488;6975;62226;92382
2;0;12;89;496;4320;6971;63158;92566
1;0;9;107;501;4533;7053;62265;92105
0;0;12;91;484;4452;6897;63138;92304
0;0;12;120;494;4525;7007;62434;92369
0;0;10;110;458;4509;6899;62369;92477
0;0;13;110;493;4359;7016;62416;92234
0;0;8;111;520;4390;6940;62190;92956
0;0;15;110;495;4459;6966;62447;92150
1;1;14;102;462;4409;6923;62611;92698
0;0;17;102;492;4469;6826;62973;92959
0;0;18;89;493;4443;6907;62585;92589
0;0;15;113;496;4439;7021;62587;92480
0;0;9;110;460;4478;7051;62316;92336
0;1;14;98;491;4406;6869;62741;92174
0;2;14;93;509;4404;7002;62635;92496
0;0;7;114;521;4435;7010;62393;92367
0;0;9;109;445;4513;6963;62398;92655
0;0;13;120;492;4602;6956;62672;92437
0;1;9;95;469;4498;6872;62599;92395
0;2;12;118;502;4507;7090;62464;92294
0;0;14;95;449;4473;7045;62295;92764
0;1;11;103;498;4459;7001;62700;92378
0;0;16;109;490;4464;6872;62589;93100
0;0;9;96;519;4373;6931;62569;92631
0;2;8;123;466;4491;7048;62154;92033
0;0;12;95;490;4371;6944;61844;92967
1;0;12;122;512;4488;7103;62498;92799
0;1;14;101;527;4452;6965;62565;92757
0;0;16;112;448;4432;7024;62743;92558
0;1;14;106;520;4428;6901;62632;92593
0;0;7;81;491;4486;6935;62292;92136
0;0;12;105;524;4425;6930;62300;92743
0;1;14;110;489;4365;7087;62876;92577
0;0;12;97;467;4514;6855;62838;93024
0;0;8;102;503;4440;7128;62349;92713
0;0;17;118;475;4515;6994;62689;92472
0;1;11;107;574;4522;7058;62636;92372
0;0;13;132;487;4381;6801;62509;92284
0;0;13;96;535;4434;6946;62340;92126
0;0;8;106;522;4465;6937;62359;92498
1;0;13;108;467;4454;6989;62749;93046
0;1;17;91;527;4415;6942;62290;92579
0;0;15;109;483;4393;6869;62137;92463
0;1;11;108;492;4455;6993;62643;92815
0;0;9;88;513;4406;6894;62732;92316
0;1;6;91;494;4401;6940;62709;92410
0;0;11;101;468;4553;6886;62511;92954
0;0;9;103;489;4431;6997;62588;92460
0;0;19;104;477;4455;6874;62720;92350
0;0;12;112;486;4470;6878;62475;92509
0;1;18;101;508;4433;6814;62408;92383
0;0;9;121;509;4529;6961;61767;92817
0;0;6;83;538;4481;6918;62687;92539
0;2;10;98;466;4471;6856;62847;92626
0;0;12;98;496;4541;6984;62620;92977
0;0;11;84;473;4434;7007;62361;92533
0;0;8;97;506;4426;6961;62549;92062
0;2;15;103;518;4487;6961;62815;92517
0;1;14;101;470;4506;7007;62260;92218
0;0;13;110;487;4357;6868;62139;92538
0;0;9;113;499;4434;7021;62368;92871
0;1;11;106;495;4502;6778;62918;92241
0;0;5;112;540;4417;7023;62660;92693
0;2;11;85;479;4603;6909;62617;92579
0;0;6;110;497;4462;6996;62333;92575
0;0;13;87;500;4478;6929;62423;92168
0;1;17;106;494;4509;6872;62478;92638
0;2;12;83;523;4350;7104;62471;92911
0;0;13;104;495;4388;6871;62153;92666
0;0;13;113;467;4443;6955;62191;92248
0;1;12;129;530;4594;6844;62489;92470
0;1;11;87;482;4547;6900;62130;92830
0;1;11;109;508;4404;6861;62699;92159
0;1;12;102;554;4345;7003;62633;92985
0;0;8;102;513;4578;6997;62422;92865
0;0;13;102;503;4534;6824;62498;92637
0;0;10;83;474;4470;7020;62660;92600
0;0;9;97;498;4353;6827;62693;92744
0;1;17;102;470;4443;6989;62440;92261
0;0;8;86;515;4517;7020;62292;92417
0;1;15;109;498;4470;7015;62574;92644
0;1;12;110;497;4386;7033;61980;92764
0;1;15;104;475;4453;6781;62556;92457
0;0;10;110;466;4439;7123;62300;93036
0;0;17;89;501;4349;7039;62625;92008
0;1;11;107;528;4416;7023;62651;92525
0;1;8;98;491;4399;6904;62503;92255
0;0;12;98;481;4531;6948;62854;92077
0;0;9;93;488;4455;6893;62272;93018
0;1;15;106;456;4494;6967;62408;92511
0;1;13;85;501;4550;7032;62355;92075
0;0;8;100;495;4538;6841;62111;92641
0;1;19;107;522;4409;6971;62327;92762
0;0;10;89;507;4629;7087;62262;93086
0;0;17;118;483;4491;6881;62094;92459
0;0;8;99;499;4419;6911;62729;92539
0;0;12;96;501;4495;6920;61896;92644
0;0;3;90;530;4489;6940;62712;92099
0;1;15;100;507;4508;7049;62591;92543
0;0;10;92;470;4479;6976;62436;92457
0;1;13;83;518;4586;7064;62380;93014
0;1;11;117;536;4481;6907;62455;91994
0;1;15;94;583;4479;6853;62525;92606
0;1;14;103;483;4462;6832;63029;93089
0;0;11;96;471;4594;7051;62984;92478
0;2;19;110;494;4421;6874;62085;92687
0;0;6;103;489;4513;6853;62655;92691
0;0;8;100;499;4621;7011;62336;92843
0;0;14;103;498;4426;6845;62759;92467
0;1;6;111;475;4384;6877;62279;92971
0;0;16;94;507;4422;6810;62420;92748
0;0;5;96;470;4378;6975;62595;92567
0;0;12;111;508;4444;6873;62618;92368
0;0;18;119;506;4522;6908;62374;92113
0;0;9;100;499;4524;6975;62619;92552
0;2;11;100;487;4428;6813;62715;93139
0;0;6;121;482;4604;7026;62360;92778
0;0;23;90;515;4476;7020;62190;92709
0;2;16;116;531;4422;6963;62630;92566
0;0;9;106;517;4455;6843;62524;92105
0;0;7;100;499;4551;6930;62885;92360
0;0;15;108;490;4538;6942;62414;92088
0;2;12;105;480;4430;7000;62429;92497
0;1;8;86;479;4477;7013;62668;92255
0;0;9;118;522;4450;7062;62105;92562
0;1;6;108;496;4516;6891;62546;93388
0;0;12;115;494;4588;6904;62365;92166
0;0;10;105;499;4445;6940;61975;92206
0;2;5;102;478;4536;6963;62404;92394
0;1;6;110;511;4370;6969;62673;92200
0;1;17;111;468;4426;7017;62148;91730
0;0;18;114;500;4561;6908;62395;92442
1;0;4;99;472;4346;6971;61901;92429
0;0;8;113;511;4454;6898;62515;92687
0;2;9;104;463;4441;7010;62135;92939
0;0;7;102;490;4502;6847;62964;92904
0;1;12;76;467;4469;6765;62652;92853
0;0;11;104;486;4474;7037;62281;92283
0;0;7;92;437;4527;6915;63091;92755
0;0;12;102;540;4478;6970;62895;92638
0;0;11;109;479;4390;6961;62221;92487
0;0;9;96;504;4464;7030;62968;92859
0;0;12;98;475;4506;6957;62599;91814
0;0;15;113;496;4485;6974;62638;92425
0;0;6;97;513;4459;7001;62140;92787
0;2;9;122;479;4466;7185;62554;92538
0;1;14;87;476;4461;6928;62417;93004
1;0;8;101;505;4443;6790;62390;92551
0;0;12;102;512;4419;6951;62659;92518
0;0;14;124;515;4417;6885;62409;92725
0;1;11;112;447;4480;7053;62496;92661
0;0;12;102;503;4374;7066;62916;92608
0;1;20;115;486;4438;6912;62365;92413
0;0;10;98;491;4500;6921;62623;92020
0;0;19;98;461;4511;7010;62767;92428
0;0;9;98;501;4402;7014;62511;92468
0;0;16;95;508;4515;6966;62637;92604
0;0;11;106;479;4336;6834;62600;92463
0;1;5;105;491;4506;6920;62733;92305
0;0;20;95;531;4499;7018;62168;92809
0;1;12;99;497;4494;7113;62595;92197
0;0;15;95;528;4354;7009;62470;92351
0;0;12;122;507;4360;6905;62179;92527
0;0;11;100;476;4470;6985;62365;92681
0;1;7;104;540;4392;6923;62771;92280
0;0;13;98;493;4421;6965;62242;93011
0;1;16;94;504;4505;6704;62623;92484
0;0;9;100;489;4424;6952;62784;92029
0;0;11;98;489;4421;6989;62599;92380
0;1;7;99;519;4508;6941;62434;91990
0;1;14;120;498;4508;6987;63057;93061
0;0;14;113;460;4522;6860;62890;92544
0;2;10;93;482;4359;6905;62307;92818
0;0;10;100;503;4557;6863;62915;92080
0;0;11;104;481;4578;7038;62233;92276
0;0;13;112;540;4452;6927;62449;92597
0;0;5;83;536;4518;7018;62477;92718
0;0;13;96;528;4410;7061;62224;92353
0;2;12;107;462;4471;6918;62390;92377
0;0;6;106;519;4434;6919;62457;92255
0;0;9;95;495;4523;6951;62539;92435
0;0;6;105;489;4444;6917;62152;92483
0;0;10;94;542;4452;6881;63099;92212
0;1;16;89;515;4433;6954;62339;92926
0;0;17;108;498;4359;6936;62463;92524
0;1;8;103;479;4528;6961;62211;92757
0;0;7;122;495;4371;7003;62259;92697
0;1;11;77;461;4565;6850;62296;92463
0;1;11;104;529;4456;6854;62463;92672
0;0;12;107;509;4351;6980;62831;92727
0;0;10;105;505;4482;6909;62084;92483
0;1;11;89;487;4586;6789;62638;92229
0;1;13;105;478;4412;6936;62674;92718
0;0;12;80;503;4401;6908;62985;92181
0;0;14;110;479;4555;6947;62567;92512
0;0;11;95;505;4520;6971;62651;92761
0;0;9;103;505;4415;6890;62305;92951
0;0;9;112;481;4514;6909;62284;92331
0;2;14;108;490;4524;6847;62597;92156
0;1;14;102;523;4506;6909;62533;92228
0;0;8;93;511;4526;6941;62751;92072
0;1;10;103;502;4390;6860;62755;92306
0;0;10;108;484;4439;6883;62615;92447
0;0;15;90;491;4457;7085;62228;92957
0;0;9;114;485;4612;6989;62840;93040
0;1;8;105;504;4500;7066;62390;92416
0;3;8;96;523;4437;6882;62744;92427
0;0;9;117;471;4529;6824;62388;92622
0;1;9;101;488;4434;6920;62819;92180
0;1;11;103;499;4515;6927;62663;92177
0;0;14;121;507;4453;7003;62671;92717
0;1;14;90;516;4429;6846;62743;92619
0;0;10;106;490;4526;6974;62781;92545
0;0;12;107;505;4418;6919;62272;92728
0;0;11;103;525;4592;6858;62711;92707
0;0;12;100;503;4550;6931;62636;92712
0;1;18;93;464;4547;6988;62109;92060
0;2;15;106;514;4525;6927;62376;92424
0;0;9;98;538;4413;6926;62445;92514
0;1;11;99;506;4465;6964;62325;92729
1;0;18;92;480;4476;7061;62361;92873
0;0;6;121;505;4462;6903;62570;92679
0;0;11;109;492;4319;7015;62755;92200
0;1;15;96;491;4564;6985;62451;92643
1;1;10;92;528;4381;7105;62299;92176
1;1;11;118;519;4428;6956;62661;92670
0;1;6;121;487;4366;7041;62246;93034
0;1;15;125;502;4437;6906;62215;92516
0;1;9;106;505;4512;6794;62296;92715
0;0;14;95;497;4407;6943;62667;92046
0;0;9;104;488;4388;6943;62863;92838
0;1;10;122;512;4542;6906;62406;92523
0;0;18;97;485;4433;6963;62241;92964
0;0;14;111;478;4493;6914;62306;92626
0;1;12;110;469;4479;6948;62747;92267
0;1;12;96;510;4463;6892;62222;92244
0;0;10;120;459;4484;6938;62349;92735
0;0;7;83;500;4428;7078;62301;92581
0;1;12;98;560;4487;6952;62419;92144
0;0;7;109;540;4382;6942;62526;92408
2;0;16;117;489;4433;6889;62434;92766
0;0;11;89;471;4354;7001;62272;92631
0;0;20;99;480;4492;6890;62601;92820
0;0;16;99;535;4391;6928;62691;92219
0;0;11;119;506;4374;6905;62520;92569
0;1;17;108;513;4492;6923;62997;92850
0;0;9;93;512;4368;6825;62632;92417
0;1;17;102;534;4504;6880;62595;92524
0;1;12;106;494;4321;7018;62501;92698
0;0;9;99;478;4507;6861;62394;92749
0;1;18;117;468;4441;6827;62145;92153
0;2;10;99;407;4444;6911;62816;92660
0;0;10;93;460;4411;6915;62441;93432
0;2;16;109;470;4458;6967;62498;92313
0;0;9;116;528;4518;6866;62467;92124
0;0;10;122;527;4524;6892;62274;92088
0;0;11;95;484;4416;6926;62764;93157
0;1;18;109;483;4455;7055;62143;92421
0;0;7;94;474;4394;6879;62478;92066
0;0;10;117;554;4481;6940;62775;92993
0;0;12;102;494;4377;6950;62331;92589
0;1;18;102;512;4450;6965;62326;92679
0;0;14;115;515;4534;6850;62307;92554
0;0;9;116;508;4392;7078;62281;91529
0;0;10;97;495;4411;6879;62238;92700
0;2;10;112;508;4547;6983;62485;93196
0;2;16;115;511;4508;7060;62251;92422
0;0;10;102;482;4552;7004;62417;92682
0;1;7;94;460;4475;6890;62432;92917
0;0;7;116;492;4567;6820;62718;93107
0;0;22;87;513;4393;6883;62426;93095
0;0;13;91;530;4426;6992;62507;92814
0;0;9;106;466;4478;6846;63078;92770
0;1;8;108;475;4453;6936;62663;92518
0;0;10;95;480;4516;6896;62146;92770
0;0;11;99;504;4481;6987;61810;92610
0;0;11;106;490;4391;7037;62754;92373
0;1;7;95;506;4551;6925;62561;92933
0;0;11;111;456;4569;7169;62861;92489
0;0;10;84;459;4414;7065;62073;92745
0;1;6;107;495;4523;6897;62728;92594
0;0;8;97;506;4513;6857;62353;92316
0;1;15;95;481;4421;7065;62470;92648
0;0;9;107;506;4359;6806;63049;92512
0;0;13;108;507;4470;6996;62441;92819
0;0;13;116;501;4507;6894;62421;92696
0;1;14;108;482;4542;6892;62413;92603
0;0;9;97;522;4319;6833;62594;92513
0;1;8;101;573;4358;7092;62615;91935
0;1;15;113;461;4496;6975;62358;92286
0;1;12;108;494;4458;7007;62527;92958
0;0;8;92;531;4482;7109;62343;92412
0;1;10;100;494;4576;6810;62436;92417
0;1;9;98;510;4534;6849;62292;93002
0;0;17;103;579;4516;6969;62487;92441
0;1;16;109;523;4498;7023;62332;92225
0;1;12;114;464;4468;7022;62316;92323
0;0;8;108;504;4419;6825;62811;92495
0;1;10;99;499;4508;6942;62687;92477
0;1;12;104;503;4367;7075;62795;92443
0;1;16;107;487;4420;7026;62739;92721
0;1;6;96;502;4314;6978;62520;92526
0;0;10;102;502;4480;7152;62642;92665
0;0;11;119;476;4436;6946;62595;92516
0;1;9;104;534;4455;6914;62604;92052
0;0;12;101;499;4523;7126;62585;92714
0;0;8;80;504;4406;6949;62595;92480
0;0;11;95;487;4412;7012;62756;92689
0;1;16;103;468;4349;6885;62334;92164
0;0;10;118;498;4349;6930;62589;93009
0;0;13;98;547;4486;6913;62931;92609
0;1;16;108;446;4546;6998;62347;93004
0;0;8;102;479;4422;7115;61843;92414
0;1;14;108;495;4494;6936;62629;92827
0;0;11;95;492;4480;7014;62269;92579
0;0;9;93;473;4443;6980;62404;92434
0;0;8;105;487;4410;6804;62607;92686
0;0;8;111;474;4428;6964;63197;92538
0;1;13;107;474;4483;6875;62454;92736
0;1;12;105;458;4391;6995;62627;92582
0;0;10;100;483;4474;6934;63020;92715
0;0;15;104;433;4520;7082;62648;92440
0;0;12;108;473;4509;6822;62876;92552
0;0;15;120;474;4578;6986;62395;92740
0;0;12;90;508;4537;7057;62712;92773
0;0;16;97;486;4350;6917;62697;92439
0;1;16;95;478;4515;6890;62707;92520
0;1;3;107;473;4507;6950;62737;92423
0;0;14;115;502;4429;7060;62102;92409
0;1;13;101;511;4478;6881;63000;92329
0;0;5;95;506;4567;7032;62866;92561
0;0;12;112;520;4487;6896;62275;92232
0;0;14;97;499;4427;6865;62672;92681
0;1;8;123;496;4323;6980;62507;92138
0;0;19;94;496;4382;7051;62543;92410
0;1;12;131;501;4414;6858;62904;92217
1;0;14;95;494;4557;7103;62461;92156
0;0;6;96;504;4318;7013;62255;92031
0;0;10;112;498;4536;6861;62819;92653
0;0;17;93;521;4440;6852;62564;92451
0;0;7;102;489;4426;6987;62444;92503
0;0;14;108;471;4401;6953;62162;92627
0;0;12;99;483;4484;6787;62635;92524
0;1;13;96;473;4431;6922;62994;92747
0;1;7;111;532;4603;6751;62797;92982
0;0;15;91;482;4531;7018;62618;92673
0;1;9;90;509;4349;6958;62545;92822
0;2;12;97;505;4336;6827;62356;92120
0;2;13;97;505;4549;6913;62409;92578
0;0;18;116;503;4525;6972;62054;92561
0;0;14;101;495;4417;6851;62235;92796
0;0;5;104;533;4530;7080;62561;92961
1;0;6;105;538;4536;6930;62515;92746
