0;0;10;105;493;4443;6993;62682;92490
0;0;8;72;515;4284;6881;62653;92391
0;0;9;97;483;4500;7062;62261;92835
0;0;13;110;475;4487;6875;62693;92702
0;0;11;121;506;4554;6904;62402;92836
0;1;10;88;489;4458;6976;62286;92818
0;2;10;89;482;4404;7114;62573;92243
0;0;9;104;463;4483;6881;62762;92527
0;0;7;103;512;4485;6974;63069;92175
0;0;9;101;517;4489;6924;62497;92940
0;0;13;105;495;4504;6944;62792;92549
0;0;12;112;495;4447;7013;62463;92622
0;1;12;120;506;4428;6957;62065;92340
0;0;16;111;501;4457;6808;62331;92166
0;0;20;104;520;4445;6959;62590;91782
0;0;11;120;499;4449;7013;62749;92390
0;0;12;113;524;4425;6952;62276;92271
0;0;15;111;510;4500;6818;61995;93051
0;0;8;109;473;4604;6907;62620;92069
0;0;14;109;463;4527;6836;62439;92584
0;0;12;87;517;4506;6916;62472;92246
0;1;16;106;524;4478;6966;62144;92589
0;0;16;90;507;4424;6965;62819;92351
1;0;11;115;515;4629;6950;62728;92220
0;0;5;96;495;4390;7033;62701;92712
0;0;4;107;512;4396;6934;62335;92233
0;2;7;114;538;4466;6971;62942;92304
0;0;7;88;502;4524;6985;62568;91645
0;1;11;92;470;4374;6874;62538;92473
0;0;13;100;489;4501;6877;62688;92518
0;0;11;110;501;4485;7174;62608;92471
0;0;12;101;514;4363;6901;62599;92314
0;1;20;114;491;4505;6930;62920;92553
0;0;9;107;503;4424;6952;62380;92421
0;1;10;103;513;4501;6892;62144;92891
0;0;10;118;475;4475;7151;62339;92271
0;0;12;116;502;4550;6928;62164;92457
0;1;12;97;525;4476;6866;62503;92532
1;1;11;121;485;4444;6879;62746;92744
0;1;11;110;488;4518;6999;62635;92286
0;2;8;115;508;4395;6989;62604;92811
0;0;15;116;492;4460;6964;62910;92433
0;0;8;92;487;4426;7020;62529;92617
0;3;11;104;526;4546;6822;62506;92409
0;0;10;85;499;4535;6892;62457;92172
0;1;16;92;480;4351;6899;62506;92665
1;2;16;107;467;4422;7005;62685;92993
0;0;17;101;476;4597;6933;62332;93067
0;2;10;107;522;4510;7043;62511;91986
0;2;11;113;542;4450;6908;62327;92371
0;0;8;99;488;4421;6943;62239;92032
0;1;11;100;480;4409;6850;62358;92309
0;0;11;116;484;4487;7039;62802;92512
0;1;14;104;510;4498;6848;62267;92499
0;0;11;111;485;4479;7010;62674;93106
0;1;6;108;524;4605;7063;62296;92567
0;0;8;99;477;4507;6955;62454;92445
0;0;10;109;486;4403;6964;62203;92213
0;0;12;97;495;4402;6888;62504;92433
0;0;18;79;518;4429;7074;62255;92339
0;0;12;111;503;4429;6905;62586;92189
1;0;16;94;492;4436;7040;62316;92571
0;0;10;121;478;4450;6946;62942;92320
0;0;10;103;497;4544;6990;62842;92085
0;0;9;105;496;4445;6876;62680;92361
0;1;11;115;523;4523;6935;62161;92409
0;2;13;93;477;4333;7089;62418;92298
0;0;13;95;516;4407;7033;61962;92741
0;2;15;105;536;4534;6912;62857;92590
0;1;14;111;553;4418;6982;62541;92666
0;0;19;111;538;4436;6967;62547;92799
0;0;13;104;484;4427;6845;62290;92177
0;1;13;108;510;4435;6949;62443;92262
0;1;10;111;462;4440;7028;62703;92338
0;1;8;89;472;4461;6897;62815;92705
0;0;12;95;505;4436;6904;62596;92755
0;0;13;126;474;4576;7040;62619;92795
0;1;7;88;509;4380;6979;62698;92856
0;1;12;106;524;4406;6911;62330;92579
0;0;9;111;545;4451;6719;61983;92850
0;1;17;110;480;4533;6926;62248;92378
0;1;13;110;485;4307;6948;62439;92249
0;0;10;94;486;4484;6973;62773;92088
1;1;12;109;487;4453;6839;62376;93223
0;2;14;101;509;4430;6952;62216;92553
0;1;7;82;530;4478;6972;62546;92151
0;0;9;100;501;4708;6931;62968;92945
0;0;14;102;534;4350;6873;62619;92262
0;1;10;104;469;4461;6903;62513;92873
0;0;10;106;451;4491;7012;62336;92602
0;1;12;89;439;4528;6907;62870;92466
0;0;9;88;507;4470;7049;62689;92257
0;0;10;112;512;4457;6929;62427;93115
0;0;10;92;477;4510;6847;62310;92530
0;0;8;118;518;4508;6899;62511;92300
0;0;9;110;430;4437;6955;62429;92743
0;1;9;97;491;4342;6982;62052;92432
0;0;14;103;496;4541;6921;62813;92535
0;0;13;119;473;4353;6851;62666;92613
0;0;8;115;506;4409;6960;62816;92665
0;2;14;99;514;4530;6799;62564;92421
0;1;3;94;482;4520;7134;62232;92259
1;1;5;103;530;4370;6981;62439;92646
0;2;9;107;483;4441;7008;62382;92726
0;1;9;112;551;4452;6925;62265;93000
0;1;15;106;530;4523;7001;62419;92510
0;1;7;100;497;4454;6959;61933;92859
0;0;12;107;502;4433;6872;62814;92824
0;1;7;121;458;4585;6888;62402;92669
1;0;8;102;534;4295;6970;62578;92724
0;1;7;108;488;4587;6984;62731;92711
0;0;17;96;545;4449;6954;62169;92661
0;0;9;104;487;4404;6911;62743;92445
0;0;11;84;514;4383;6978;62035;93115
0;1;14;120;491;4438;7108;62257;92946
0;3;10;114;504;4380;7006;62616;93186
0;0;11;89;453;4469;6924;62418;92376
0;0;14;108;494;4531;6894;62574;93034
0;0;8;113;497;4521;6918;62591;92221
0;0;12;123;486;4475;6950;62489;92196
0;1;12;105;523;4448;6998;62301;92421
0;0;9;105;515;4436;6912;61979;91690
0;0;18;105;522;4511;6921;62706;92431
0;1;12;91;513;4412;6940;62440;92533
0;1;12;99;502;4361;6977;62381;92740
0;0;14;104;532;4498;7043;62137;92728
0;0;10;104;454;4479;6916;62866;92448
0;0;10;99;478;4451;7057;62775;93003
0;0;12;92;466;4439;7168;62241;92249
0;1;10;103;483;4474;6943;62812;92796
0;0;8;111;468;4396;6932;62601;92807
0;0;14;106;456;4400;6956;62739;93062
0;0;8;115;507;4522;6913;62820;92422
0;2;10;110;493;4524;6982;62763;92930
0;0;8;100;516;4458;7001;62421;92506
0;0;6;96;482;4416;6918;63067;92550
0;1;13;121;515;4531;6897;62417;92745
0;0;11;94;521;4550;7014;62495;92366
0;1;13;114;521;4477;6882;62790;91849
0;1;10;102;532;4406;7079;62566;92128
0;0;12;120;549;4451;6800;62847;92056
0;0;10;97;507;4567;6727;62549;92277
0;1;7;103;469;4322;6990;62627;92617
0;0;14;109;501;4533;6951;62715;92508
0;2;8;94;499;4466;6886;62562;92516
0;1;12;107;490;4521;6919;62220;92120
0;1;15;105;518;4468;6879;62114;92766
0;0;9;98;474;4429;6951;62744;92415
0;1;13;102;484;4534;7078;62560;92759
0;0;11;96;498;4302;6935;62736;92621
0;0;11;98;505;4475;6898;62430;93313
0;0;12;109;511;4533;6971;62377;92520
0;0;8;122;516;4328;6788;62436;92424
1;0;11;100;527;4596;6866;62979;92151
0;0;8;122;529;4406;6951;62619;92493
0;1;16;93;492;4497;6883;62389;93368
0;0;8;115;505;4539;6798;62961;92791
0;0;17;100;490;4548;6811;62594;92449
0;0;12;89;530;4442;6927;62603;92547
0;1;9;130;500;4464;6932;62665;92620
0;0;14;96;535;4486;6961;62121;92260
0;0;13;95;492;4566;7036;62606;92874
0;0;14;114;511;4452;6832;62548;92447
0;0;16;110;496;4482;6858;62288;92607
0;1;17;95;458;4496;7013;62254;92572
0;0;6;133;454;4394;6866;62715;92947
0;0;8;117;530;4542;6855;62350;92432
0;2;15;101;501;4442;6889;62734;92665
0;2;10;111;497;4549;6842;62616;92704
0;0;4;108;532;4470;6982;63045;93209
0;0;10;92;513;4536;7025;61994;92721
0;0;20;119;484;4502;6864;62731;92438
1;1;13;113;510;4545;6872;62893;92357
0;0;11;120;520;4510;7005;62849;92264
1;0;10;113;460;4527;7080;62363;92767
0;0;11;111;463;4528;6913;62755;92122
0;1;13;109;527;4492;6979;62406;92267
1;0;12;103;513;4548;7025;62290;92231
0;0;11;101;511;4457;6974;62450;92504
0;1;9;99;487;4354;7064;62260;92851
0;0;5;108;492;4472;6864;62202;92725
1;0;7;99;506;4453;6936;62516;92665
0;0;12;91;538;4549;6980;62404;92273
0;3;11;114;447;4481;7006;62716;92250
0;0;15;104;448;4508;6830;62562;92103
0;0;13;102;481;4356;6939;62711;92105
1;0;10;106;504;4459;7025;62274;92659
0;0;12;117;488;4483;6913;62607;92392
0;0;11;100;515;4544;6921;62636;91716
2;0;9;113;520;4541;6875;62748;92950
0;0;13;100;512;4477;6967;62509;92472
0;0;9;112;483;4344;6971;62446;92757
0;0;14;101;493;4421;6910;62614;93044
0;0;10;100;526;4470;6798;62893;92084
0;0;10;101;528;4518;7048;62596;92886
0;0;16;99;496;4574;6824;61917;92893
0;0;16;99;485;4354;7002;62589;92373
0;0;7;92;499;4412;7076;62569;92672
1;0;10;104;483;4425;6924;62510;92925
0;1;16;107;495;4570;7004;62537;92625
0;1;7;106;531;4497;6898;62316;92933
0;0;8;124;520;4484;6936;62232;92905
0;0;11;104;505;4359;6887;62582;92375
0;0;8;88;532;4446;6946;62684;92198
0;0;12;94;495;4546;7062;62214;92373
0;0;8;102;518;4415;6854;62599;91716
0;0;11;106;505;4531;7003;62495;92745
0;0;14;87;532;4452;6904;62742;92312
0;2;7;123;477;4441;6938;62631;91831
0;1;10;91;478;4408;7076;62510;92736
0;0;13;115;530;4520;6843;62835;92648
0;0;13;125;511;4400;7003;62628;92373
0;1;15;103;483;4377;6929;62707;92451
0;1;12;117;466;4436;6876;62957;92260
0;0;9;104;464;4443;6917;62396;92410
0;0;13;98;490;4480;7014;62649;92596
1;2;10;102;452;4563;6927;62444;92397
0;0;11;102;492;4404;7180;62607;93207
0;0;4;109;506;4414;7071;62763;92362
0;0;14;85;528;4466;6864;62835;92237
1;0;14;99;495;4491;6962;63016;92638
0;0;15;100;547;4434;6812;62299;92365
0;1;10;96;486;4331;6824;62781;92322
0;0;10;88;529;4333;6935;62625;91872
0;2;9;110;492;4627;7005;62378;92264
0;2;10;97;529;4479;6903;62295;92680
0;1;8;101;505;4427;6928;62552;92378
0;0;15;89;530;4477;6951;62488;92941
0;1;10;113;488;4523;7009;62651;92429
0;1;6;107;471;4366;6873;62473;92502
0;0;7;92;509;4501;6914;62961;92548
0;2;13;107;500;4391;7061;62771;92675
0;0;13;88;524;4412;7055;62579;92280
0;0;11;101;552;4562;7024;62783;92432
0;1;6;102;498;4535;7052;62544;92508
0;0;12;96;463;4389;6960;62664;92658
1;0;17;99;455;4520;6999;62662;93075
1;0;13;85;467;4491;6828;62518;92657
0;0;9;126;500;4490;6856;62692;92288
1;0;15;125;469;4484;7007;62418;92180
0;1;9;92;471;4443;6795;62460;92557
0;1;12;106;467;4430;6952;62788;92239
0;0;20;117;489;4412;6995;62454;92654
0;1;12;118;521;4421;6939;62278;92709
0;0;15;101;476;4546;7078;62607;92736
0;0;11;95;475;4374;7011;62572;92059
0;2;12;107;515;4387;6936;61794;92465
0;0;18;120;465;4499;6896;62280;92728
0;0;11;119;520;4455;6873;62070;93055
0;0;11;117;513;4371;6973;62465;92733
0;0;10;116;496;4379;6901;62461;92846
0;0;9;104;499;4504;6947;62374;92269
0;1;12;80;505;4455;6907;62771;92822
1;0;7;100;510;4435;7043;62691;92371
0;0;10;99;489;4416;7024;62265;92243
0;3;9;110;439;4436;7016;62235;92974
0;0;11;106;513;4622;7072;62395;92520
1;0;7;95;456;4571;6970;62403;92565
0;1;9;114;498;4442;6973;62643;92813
0;0;13;105;519;4413;7016;62184;92559
0;0;7;106;466;4499;6976;62295;92387
0;0;8;118;479;4517;6893;62348;93010
0;1;9;113;500;4396;7055;63015;92660
0;1;10;98;469;4499;6897;62459;92511
0;0;10;103;543;4596;6781;62268;92879
0;1;12;110;473;4397;6981;62766;92249
0;1;18;129;524;4450;6853;62653;92551
1;0;14;99;485;4535;6990;62510;92756
0;0;6;88;494;4572;6909;62687;92234
0;3;12;111;455;4516;6943;62243;92201
0;2;14;112;516;4597;6955;62448;92704
0;1;22;110;527;4402;7048;62625;92446
1;1;9;102;489;4446;7030;62421;92464
0;0;16;104;458;4452;7073;62665;92828
0;0;8;107;500;4484;6871;63030;92037
0;0;14;118;542;4343;6888;62529;92217
0;0;12;103;487;4491;6873;62193;92745
0;0;15;98;481;4440;6792;62451;92486
0;0;12;107;484;4521;6960;62798;92885
0;1;3;104;505;4462;6920;62479;92674
0;0;14;95;476;4398;6944;62220;92688
0;1;11;121;493;4459;6984;62643;92772
0;0;9;88;511;4395;6904;62522;92012
0;0;4;120;459;4508;6849;62734;92462
0;1;13;115;509;4508;6997;62574;92366
0;0;14;86;516;4457;6889;62429;91993
0;0;9;95;510;4498;6920;62725;92734
0;1;7;109;493;4497;7009;62380;92110
0;0;7;113;471;4421;7052;61990;92585
0;0;16;95;528;4440;6938;62251;92700
0;0;16;91;514;4420;6850;62684;92749
0;1;11;90;470;4382;6952;62312;92852
0;1;16;99;520;4461;6862;62391;92675
1;0;15;116;436;4507;6917;62736;92069
0;0;9;102;489;4542;7031;62908;92230
0;0;11;113;471;4488;6982;62523;92361
0;0;13;102;497;4419;6969;62485;92441
0;0;6;88;512;4460;6911;62634;92198
0;0;7;96;507;4387;6897;62411;92607
0;0;14;101;511;4366;6910;62432;92685
0;0;15;97;534;4558;7071;62561;92577
0;1;14;102;494;4322;7040;62835;92697
0;1;14;96;522;4436;7061;62853;92409
0;0;13;86;496;4397;7001;62364;92460
0;3;9;107;478;4401;6896;62691;92594
0;0;16;114;509;4402;7037;62722;92291
0;0;10;99;469;4468;6859;62401;92673
0;1;9;129;489;4498;6847;62345;92373
0;1;11;106;461;4365;6913;62772;92508
0;1;10;116;510;4509;7023;62749;92413
0;1;17;105;473;4443;6949;62400;92684
1;1;22;92;489;4489;6999;62827;92279
0;0;11;89;467;4332;6896;63320;92396
0;0;6;103;500;4608;6930;62786;92707
0;0;12;101;495;4349;7000;62238;92423
0;1;15;104;490;4539;6987;62630;92429
0;1;11;105;519;4485;7045;62840;92538
0;1;4;101;517;4443;6952;62562;91983
0;0;12;108;447;4494;6839;62387;92446
0;0;18;85;505;4435;6838;62407;92740
0;1;12;88;501;4515;6904;62709;92891
0;2;9;104;452;4626;6936;62741;92527
0;0;14;114;517;4456;6907;62349;92355
0;0;11;108;510;4459;6919;62234;92810
0;1;16;109;496;4494;7054;62336;92515
0;0;12;99;497;4385;6908;62646;92769
0;1;11;96;512;4437;6993;62469;92457
0;0;11;101;537;4484;7028;62664;92508
0;0;2;111;500;4410;6931;62765;92758
0;0;15;98;521;4430;6966;62909;92362
0;0;4;95;498;4480;7132;62625;92531
0;0;8;115;516;4437;6714;62436;93107
0;0;4;104;521;4521;7059;62270;92041
0;0;12;110;508;4442;6911;62347;92862
0;1;14;106;515;4406;6998;62480;93069
0;0;8;93;492;4553;7070;62470;93224
0;0;8;107;493;4546;6806;62620;92720
0;1;7;89;464;4456;6888;62979;91939
0;1;11;94;470;4396;7007;62274;92291
0;0;12;100;494;4385;7013;62384;92583
0;0;5;94;528;4368;6918;62204;92679
0;1;7;120;481;4441;6959;62281;92332
1;0;9;105;508;4530;6923;62532;92986
0;0;9;83;491;4559;6868;62433;92643
0;0;9;97;524;4541;7074;62596;92125
0;1;16;108;516;4510;6816;62341;92875
0;1;12;97;526;4411;6956;62709;92395
0;0;16;118;472;4271;6912;62649;92536
1;2;12;109;482;4354;6964;61870;92923
0;0;12;88;485;4443;7023;62342;92188
0;0;16;108;499;4474;6924;62606;92704
0;1;10;98;511;4401;6933;62283;93025
0;1;8;116;512;4304;6974;62391;93191
0;1;12;107;503;4390;6846;62492;92357
0;0;9;93;477;4424;6923;62411;92707
0;0;15;107;515;4562;6859;62702;93110
0;0;13;104;501;4415;6966;62561;92696
0;1;12;107;463;4488;6834;62769;92748
0;0;15;100;553;4318;7022;62489;92614
0;2;14;100;521;4505;7050;62610;92714
0;0;12;92;498;4402;6903;62669;92390
0;0;10;110;530;4361;6979;62598;92645
0;0;10;99;516;4497;6978;62448;92876
1;0;16;94;481;4338;6912;62510;92815
0;0;11;93;463;4432;6854;62496;92370
0;1;7;102;477;4461;7026;62375;92762
0;0;13;100;508;4408;6879;62411;92284
0;0;4;95;466;4536;6931;62277;92510
0;1;10;111;486;4505;6892;62494;92821
0;0;13;104;484;4511;6931;62033;92554
0;1;9;113;506;4504;6981;62118;92591
0;0;11;89;428;4537;6887;62675;92403
0;1;13;114;493;4547;6718;62818;92089
0;0;14;99;493;4463;7011;62259;92328
0;0;7;110;506;4383;6905;62359;92494
0;0;13;96;468;4494;7106;62621;92823
0;0;10;112;502;4375;7155;62141;92581
0;0;18;100;487;4423;6825;62464;92713
0;0;8;120;518;4466;7008;62588;92838
0;0;14;95;486;4523;6937;62534;92406
0;2;9;99;477;4375;7102;62579;92462
0;0;13;122;517;4350;6968;62375;92846
0;0;12;118;502;4542;6983;62548;92417
0;1;6;106;524;4408;6942;62810;92222
0;1;12;107;469;4485;6889;62476;92167
0;1;7;98;536;4378;6879;62321;92756
1;0;16;108;474;4251;6949;62277;92302
0;3;10;126;504;4515;6909;62461;92622
0;1;13;87;527;4579;7005;62192;92709
0;0;11;104;490;4511;6892;62631;92795
0;0;12;107;512;4409;7044;62308;92328
0;0;15;99;513;4461;6902;62348;92621
0;0;11;110;508;4467;6746;62634;92619
0;1;14;115;501;4484;6793;62318;92428
0;0;9;100;506;4335;6754;62148;92910
0;0;18;101;454;4418;6885;62321;91953
0;1;15;99;480;4382;6936;62296;92682
0;1;9;113;507;4664;6851;62557;92994
0;0;7;98;469;4445;6893;62173;92408
0;0;13;111;504;4469;6903;62344;92356
0;1;10;90;498;4559;6904;62595;92811
0;1;8;104;477;4419;6934;62521;92192
0;2;15;88;507;4485;6928;62645;92556
0;0;11;113;507;4526;6944;62427;92315
0;0;14;93;480;4421;7047;62967;92796
0;0;17;117;490;4469;7109;62578;92427
0;0;8;103;546;4558;7049;62689;92891
0;0;11;79;484;4417;6733;62315;92700
0;0;7;85;491;4451;7103;63007;92402
0;0;14;112;499;4477;6928;62645;92673
0;1;11;103;464;4499;6935;62202;92357
0;0;14;111;557;4532;6964;62495;92392
0;0;8;100;515;4387;6955;62505;91970
0;1;19;98;502;4421;6886;62343;92569
0;0;13;109;520;4460;6939;62643;92341
0;0;12;100;483;4426;6827;62505;92529
0;1;10;104;490;4502;6983;62569;92513
0;0;9;107;477;4413;6900;62675;92600
0;2;10;105;456;4502;6979;62169;92684
0;0;9;123;461;4496;6895;62513;92396
0;0;13;107;474;4481;6951;62745;92784
0;0;9;100;478;4492;6998;62510;92995
0;0;11;114;520;4479;6919;62509;92195
0;0;14;87;470;4553;6843;62431;92454
0;1;12;96;514;4527;7029;62628;92192
0;0;13;105;475;4506;6797;62652;92534
0;0;9;100;488;4472;6990;62598;92350
0;2;15;103;475;4429;7029;62785;92681
0;1;16;111;500;4453;7055;62258;92865
0;0;15;97;524;4596;6883;62575;92788
0;0;10;100;500;4649;7014;62565;92656
0;1;19;108;498;4529;6929;62600;92993
0;0;13;103;509;4470;6872;62620;92545
0;1;12;108;511;4548;6896;62590;92447
0;1;16;101;486;4390;6924;62496;92323
0;1;9;112;470;4499;6916;62427;92241
0;1;8;116;479;4526;6996;62498;92550
0;0;13;121;499;4485;6811;62705;92502
0;0;12;99;494;4441;6855;62282;92606
0;2;8;99;476;4577;6933;62306;92171
0;0;10;80;475;4491;6984;62463;92761
0;0;16;102;477;4491;6987;62469;92479
0;2;13;104;524;4465;7017;62663;92258
0;0;23;114;506;4442;6953;62204;92236
0;0;11;90;468;4510;6972;62737;92824
0;0;8;89;501;4489;6887;62652;92303
0;0;6;103;495;4349;7167;62544;93414
0;0;9;102;470;4572;6836;62409;92636
0;0;10;97;506;4426;6910;62779;92028
0;1;17;92;503;4600;6908;62447;92779
0;0;17;101;518;4464;6964;62551;92427
0;1;12;103;497;4566;6831;62844;92137
0;2;11;96;505;4471;7015;62764;92374
0;0;8;109;488;4462;6909;62793;92416
0;1;18;101;472;4426;6924;62361;93311
0;0;13;105;497;4533;6947;62557;92598
0;0;9;124;525;4423;6905;62202;92543
0;0;12;113;514;4380;6847;62607;92881
0;2;13;104;508;4544;6869;62563;92736
0;0;14;111;503;4514;6967;62480;91987
0;1;10;102;526;4477;7019;62919;92346
0;1;10;103;500;4492;6980;62308;92462
0;1;10;109;514;4449;6988;62404;92500
0;0;12;106;468;4457;6948;62474;92446
0;0;12;97;519;4450;6908;62558;92711
0;0;14;113;468;4350;6794;62474;92913
0;0;14;105;481;4317;6865;62581;92466
1;3;15;109;506;4507;6888;62256;93073
0;0;11;101;472;4463;6978;62163;93285
0;0;18;101;523;4393;6958;62568;92831
0;2;17;125;487;4498;7000;62929;92645
1;0;10;105;482;4478;6967;62614;92680
0;0;8;105;488;4467;6911;62567;92947
0;0;11;101;490;4543;6991;62239;92574
0;0;15;85;508;4411;7042;62528;92547
0;0;10;98;468;4443;7119;62477;92967
0;0;12;112;506;4500;6952;62320;92789
0;2;8;111;474;4410;6829;62189;92839
0;0;6;117;530;4439;7021;62675;92627
0;0;7;105;486;4455;7013;62740;92641
0;0;12;94;516;4538;6908;62551;92433
0;0;15;110;470;4473;7071;62200;92872
0;1;13;117;527;4330;6888;62631;92785
0;0;10;104;495;4427;6773;61826;92323
0;0;8;104;507;4439;7004;62900;92276
0;0;18;97;478;4435;6918;62468;92585
1;1;9;108;513;4430;7001;62414;93432
0;0;12;110;470;4484;6949;62551;93189
0;1;9;111;495;4490;6937;62485;92659
0;1;20;113;471;4550;6761;62743;92499
0;1;8;95;475;4442;6941;62425;92653
0;1;14;121;536;4433;6854;62142;92304
0;0;9;92;522;4347;6917;62297;92704
0;1;11;102;493;4511;7074;62167;92859
0;2;8;81;493;4475;6981;62693;93096
0;0;14;101;504;4398;6933;62451;92271
0;0;9;114;457;4465;6941;62081;93085
0;0;12;127;551;4415;6861;62340;92529
0;0;12;95;465;4480;7001;62741;92206
0;1;11;118;470;4583;7001;62681;92631
0;0;14;96;454;4293;7142;62576;92919
0;0;21;105;467;4483;7024;62511;92845
0;0;11;105;505;4293;7056;62227;93066
0;0;9;96;501;4548;7001;62488;92181
0;0;8;102;485;4510;6922;63032;92574
0;0;11;105;476;4458;6908;62406;92718
0;0;11;89;478;4470;7034;62308;92755
0;1;8;100;473;4559;6940;62759;92093
0;0;9;114;487;4526;7033;62476;92779
0;1;16;95;533;4435;6886;62626;92895
0;1;13;120;493;4365;6909;62116;92578
0;1;5;106;481;4416;6892;62550;92410
0;1;16;120;508;4517;7071;62091;92557
1;0;8;93;500;4355;6809;62228;92554
0;0;16;111;483;4387;6850;62945;92404
0;0;8;88;487;4464;7060;62847;93125
0;0;6;109;520;4539;6934;62773;92394
0;2;15;98;467;4323;7033;62659;92418
0;0;9;87;500;4425;6761;62786;92440
0;0;8;99;533;4460;7012;62367;92624
0;0;10;85;485;4491;6951;62714;93062
0;0;13;107;464;4384;6832;62361;92601
0;1;8;99;490;4464;6929;62558;92409
0;0;7;96;469;4480;6874;62722;92363
0;0;10;104;527;4343;6983;62445;92071
0;0;12;116;497;4467;6924;62888;92767
0;0;7;104;504;4354;6946;62768;93052
0;1;8;103;505;4508;6888;62234;92405
0;0;12;99;518;4498;6830;62829;92619
0;0;10;104;461;4219;7094;62449;92916
0;1;10;99;481;4406;6924;62100;92593
0;0;12;107;461;4458;6995;62738;92360
0;0;9;87;514;4475;6982;62599;92596
0;1;16;90;475;4498;6941;62481;92828
0;0;19;113;514;4551;7038;62645;92495
0;0;10;103;482;4283;7032;62614;92659
0;0;13;112;504;4482;7019;62162;92608
0;0;11;120;515;4559;7023;62187;92545
0;0;16;103;481;4479;6943;62573;92543
0;1;14;93;506;4411;6849;62549;92444
0;0;11;98;498;4479;6946;62565;92078
0;0;8;107;457;4494;6959;62318;92184
0;1;13;118;493;4540;6984;62406;92722
0;1;9;114;471;4461;6984;62489;91913
0;0;15;97;505;4562;6884;62611;92032
0;0;6;93;489;4451;6985;62368;92841
0;1;14;88;466;4378;6763;62554;92337
0;0;8;96;497;4508;6992;62329;92872
0;0;13;108;478;4510;6921;62174;92807
0;0;5;119;509;4461;6853;62340;92947
0;2;10;111;497;4691;7121;62402;92581
0;0;11;111;532;4367;6828;62504;92728
0;0;11;93;527;4387;6905;62547;92539
0;0;10;91;471;4515;6924;62574;92179
0;0;12;96;511;4386;7007;62680;92960
0;0;8;110;469;4378;6935;62537;92393
0;0;8;110;510;4466;6906;62447;92939
0;1;8;95;504;4430;6878;62317;93101
0;1;19;104;515;4432;6841;62132;93569
0;1;19;106;495;4542;7010;62776;92784
0;0;8;92;491;4529;6975;62470;92592
0;0;11;107;499;4467;7012;62662;92705
0;0;8;96;499;4440;6907;62198;92290
0;1;12;101;472;4554;7061;61970;92676
0;0;7;108;484;4527;7065;62555;92333
0;1;9;107;491;4477;6975;62735;92039
0;0;8;117;495;4484;6999;62668;92344
0;0;14;105;495;4472;6838;62003;92519
0;0;7;135;459;4582;6944;62000;93400
0;1;13;100;506;4466;6950;62800;92304
0;0;4;100;518;4499;6985;62292;92688
0;1;14;111;489;4578;7047;62765;92839
0;1;11;91;503;4501;6836;62574;92397
0;1;19;104;499;4503;6917;62885;92562
0;0;8;95;481;4403;6905;62179;92646
0;1;10;113;520;4418;7058;62430;92471
0;0;10;97;540;4429;6987;62318;92515
0;0;5;98;469;4390;6998;62536;92533
0;1;12;103;493;4508;6838;62846;92641
0;0;12;122;466;4442;6987;62258;92715
0;0;7;102;527;4346;6982;62059;92607
0;1;7;109;476;4423;7020;62895;92366
0;0;9;95;507;4325;6972;62851;92049
0;1;17;123;515;4460;6962;62345;92316
0;0;7;108;490;4420;6950;62546;92453
0;0;7;89;491;4456;7051;62808;93164
0;0;15;107;480;4545;6904;62353;92431
0;2;12;98;494;4438;6892;62406;92369
1;0;10;107;483;4519;6934;62590;93107
0;0;15;97;460;4412;6929;62622;92616
0;2;15;105;485;4495;7052;62567;92748
0;1;15;104;485;4428;7033;62680;92344
0;0;10;113;496;4504;6859;62254;92783
0;0;11;74;464;4494;6913;62215;92319
0;0;9;112;509;4414;7027;62543;92522
0;1;8;113;481;4399;6863;62349;92678
0;1;14;106;493;4427;6914;62248;92322
0;0;6;100;485;4493;6929;62150;92455
0;0;11;106;541;4464;7100;62525;92337
0;0;12;98;484;4439;7017;62658;92589
1;0;10;97;523;4401;6955;62487;93240
0;0;16;120;507;4364;6915;62370;92395
0;0;14;98;495;4539;6974;62490;92119
0;0;14;101;477;4453;6927;62807;92613
0;0;17;99;460;4483;6974;62655;92240
0;2;12;103;472;4373;6995;62837;92431
0;1;16;96;493;4539;7058;62580;92835
0;1;6;107;482;4289;6931;62509;92758
0;1;9;96;489;4392;6940;62610;92786
0;0;11;123;486;4561;6841;62269;92652
0;0;11;100;485;4526;6894;62680;92785
0;1;8;94;485;4404;7081;62440;92390
0;2;12;113;511;4564;6805;62259;92718
0;0;15;119;498;4483;6943;63263;92746
0;0;10;122;536;4405;6778;62840;92970
0;1;4;92;489;4387;6861;62678;92067
0;0;14;94;497;4514;7024;62789;92672
0;1;8;93;483;4400;6818;63039;92487
0;0;11;98;516;4496;7104;62318;92498
0;0;7;110;509;4483;6916;62536;92173
1;2;11;87;497;4524;7069;62557;92400
0;1;11;98;512;4487;6963;62455;92390
0;0;16;118;519;4446;6981;62347;92040
0;1;16;101;503;4375;6891;62780;92491
0;0;6;115;456;4426;6796;62552;91759
0;0;11;98;511;4552;6993;62119;92367
0;1;18;114;550;4467;6784;62659;92747
0;0;14;95;515;4404;6820;62717;92704
1;1;8;99;487;4469;7160;61655;91897
0;0;15;106;497;4662;7104;62416;92066
0;0;17;92;529;4384;6820;62749;92828
0;1;13;109;518;4407;6982;62762;92922
0;1;5;109;512;4453;6949;62131;92355
0;0;11;89;527;4518;6885;62172;92592
0;0;10;101;461;4446;6825;62676;92369
0;0;6;121;519;4517;6903;62572;92930
0;3;8;100;508;4366;6955;62260;92382
0;1;15;106;505;4474;6967;62430;92507
0;0;10;106;528;4471;6894;62401;92731
0;2;10;120;490;4453;6970;62591;92404
0;0;11;123;494;4592;6902;62465;92782
0;1;4;99;513;4478;6738;61996;92133
0;0;15;114;523;4429;6818;62594;92847
0;0;15;100;505;4554;6947;63008;92569
1;0;17;103;493;4520;6973;62434;92246
0;0;8;105;533;4450;6902;62219;93006
0;0;9;109;482;4417;6967;62793;92318
0;0;12;107;478;4446;6957;62233;92649
0;1;15;98;466;4394;7040;62907;92183
0;0;7;96;487;4501;6969;63255;92166
0;1;14;98;511;4433;7052;62780;92509
0;0;23;108;527;4431;6848;62167;92292
0;0;5;101;492;4482;6881;62606;92450
0;1;10;85;537;4349;7125;62434;92736
0;1;14;113;520;4442;7031;62664;92403
1;0;12;116;510;4472;6822;62659;93049
0;0;14;104;463;4562;7001;63015;92452
0;1;17;110;480;4488;6959;62092;92634
1;0;5;91;482;4537;6867;62627;92431
0;0;7;106;497;4680;7042;62592;92561
0;1;11;113;483;4421;6756;62574;92495
0;0;16;111;518;4517;6983;62863;92237
0;0;7;140;532;4497;7072;62321;93033
0;0;12;105;493;4487;6872;62470;92580
1;0;13;119;504;4427;6899;62549;92490
0;0;14;103;501;4425;6972;62620;92581
0;1;12;86;469;4349;6888;62649;92326
0;0;16;109;472;4542;7095;62655;92553
0;1;16;102;511;4402;6933;62439;92581
0;1;10;101;503;4535;6958;62396;92655
0;0;9;108;521;4435;7020;62444;92468
0;0;15;115;515;4475;6980;62256;92643
0;1;10;111;499;4634;6935;62570;92229
0;1;15;113;498;4409;6951;62234;92823
0;0;9;112;516;4332;6863;62653;92270
0;0;11;133;512;4470;7033;62470;92759
0;0;10;96;496;4505;6928;62567;92242
0;0;7;115;524;4402;7021;62710;91829
0;0;9;95;500;4572;6767;62019;92255
0;1;12;94;492;4500;6815;62491;92839
0;1;7;89;484;4453;7056;62126;92540
0;0;15;92;524;4406;6885;62637;92410
0;1;10;82;495;4394;6921;62375;91994
0;0;10;97;509;4426;6913;62709;92782
0;0;13;89;511;4577;6957;62137;92486
0;0;16;87;503;4305;6760;62291;92716
0;0;7;105;456;4448;6937;62440;92724
0;0;12;91;492;4564;7042;62330;92859
0;1;10;107;499;4506;6788;63060;92780
0;0;9;91;469;4484;6845;62496;92722
0;0;8;104;502;4448;7017;62333;92540
0;0;8;92;500;4468;6939;62828;92898
0;0;15;109;515;4480;6948;62401;92533
0;0;8;106;460;4408;6915;62310;92197
0;0;14;115;517;4502;6833;62776;92550
0;1;12;87;512;4479;6958;62537;92642
1;1;8;95;511;4478;6924;62783;92638
0;1;10;100;512;4397;7044;62396;92596
1;0;12;98;511;4433;6922;62450;92458
0;0;5;102;526;4481;7009;62173;92306
0;2;7;117;485;4450;6908;62900;92489
0;0;7;104;480;4469;6906;62375;92469
1;0;10;102;518;4450;6893;62832;92497
0;0;9;96;492;4584;6874;62145;92645
0;2;13;102;498;4372;7007;62445;92727
0;1;9;98;422;4565;6924;62467;92232
0;0;11;111;481;4492;6883;62538;92275
0;0;12;104;524;4433;6893;62416;92301
0;0;10;106;487;4499;6861;62148;92292
0;0;15;107;530;4510;7013;62636;92750
0;2;13;111;464;4510;6820;62877;92355
0;0;8;78;501;4478;6949;62396;92638
0;0;16;107;478;4381;6790;62383;92394
0;1;13;88;462;4401;6906;62663;92621
0;0;10;88;502;4477;6959;62672;92700
0;0;16;116;479;4443;6949;62693;91952
0;0;11;103;492;4572;6941;62198;93027
0;0;15;104;465;4584;6954;62801;92635
0;0;11;120;466;4449;6972;62808;92753
0;0;14;124;491;4391;6903;62797;92465
0;1;10;100;510;4432;6981;62162;92602
0;1;9;110;496;4493;6895;62301;92798
0;2;11;96;495;4488;6765;62414;92975
0;0;13;111;486;4445;6873;62739;92412
0;0;13;126;516;4394;6874;62447;93176
0;0;8;94;539;4435;7045;62707;92314
0;0;9;97;502;4355;6937;62553;92089
0;2;16;109;485;4436;6944;62378;92574
0;0;10;102;508;4453;6860;62484;92709
0;0;10;102;484;4517;6973;62659;92988
0;1;7;83;514;4467;6818;61977;92607
0;0;16;109;452;4496;6776;62362;92785
0;0;12;104;495;4354;6966;62817;92081
0;1;19;98;457;4451;6937;62646;92217
0;1;12;110;463;4491;6951;62662;92371
0;1;13;90;472;4420;7001;62400;92302
0;0;11;102;473;4538;6882;62549;92284
0;0;8;100;489;4300;6947;62722;92780
0;1;6;94;490;4411;6849;62394;92608
0;0;5;112;461;4487;7098;62454;92288
0;0;7;101;502;4428;6912;62433;92818
0;0;11;108;510;4406;6903;62831;92303
0;0;20;112;492;4453;7077;62588;92498
0;1;14;103;481;4550;6959;62219;92546
0;0;17;105;489;4556;6947;62554;92549
0;2;8;115;478;4378;6927;62762;92487
0;0;12;110;547;4349;6920;62814;92161
0;1;13;111;469;4461;6913;62453;92976
0;0;10;118;508;4603;6859;62150;92470
0;0;10;105;486;4546;6848;62470;92273
0;3;8;113;478;4383;6891;62633;92092
0;0;10;98;529;4576;7027;62445;92208
1;0;7;113;485;4501;6866;62696;92705
0;0;10;110;492;4441;6895;62395;92757
0;1;6;101;499;4504;6874;61875;92364
0;0;13;113;503;4454;6992;62389;93063
0;1;18;115;500;4496;6986;62557;92190
0;0;13;84;490;4569;6976;62323;92386
0;2;11;106;460;4436;6985;62304;92366
0;0;13;112;518;4414;6845;62604;92545
0;0;14;96;528;4354;6941;62475;92831
0;1;14;98;496;4477;6962;62293;92112
0;0;13;106;482;4568;6924;62310;92485
0;0;16;92;511;4544;6894;62923;92258
0;0;12;96;483;4398;7081;62418;92055
0;1;16;97;477;4563;7020;62441;92221
0;2;7;111;517;4470;7007;62500;92534
0;1;5;107;492;4495;6878;62590;92296
0;0;7;121;478;4423;7068;62131;92351
0;1;14;104;491;4442;6891;62508;92318
0;0;12;101;465;4390;6982;62543;93007
0;0;16;97;537;4486;6963;62206;92362
0;0;11;87;452;4503;6945;62261;93052
0;1;9;96;468;4514;6895;62584;92983
0;0;4;127;472;4531;6749;62666;92570
0;1;2;111;544;4387;7013;62219;92124
1;0;11;103;487;4480;6814;62504;92087
0;0;13;97;499;4347;6919;62593;92325
0;1;6;89;478;4459;6848;62265;93546
0;0;12;109;480;4472;6986;62286;92293
0;1;9;101;502;4352;7018;62351;92554
0;1;8;109;483;4470;7117;62644;92402
0;0;14;105;483;4466;6969;62622;92548
0;2;10;126;482;4556;6775;62704;92292
0;1;9;107;478;4559;6929;62539;92436
0;0;16;118;531;4386;7085;62460;92483
0;1;13;125;479;4560;6975;62343;92828
0;0;8;102;504;4509;6769;62777;92542
0;1;13;108;475;4524;6922;62625;92607
0;1;12;112;532;4444;7023;62455;92584
0;1;11;101;523;4479;6939;62678;92318
0;0;18;105;457;4349;6890;62601;92808
0;2;8;105;529;4409;7241;62586;92668
1;1;14;116;541;4502;7027;62088;92007
0;0;10;106;530;4346;6769;62508;92508
0;0;10;101;508;4486;6903;62271;93153
0;2;17;105;520;4476;6956;62084;92145
0;0;12;98;490;4387;6868;62558;92136
0;1;12;116;496;4561;6823;62609;92578
0;0;18;87;465;4292;7024;62457;92797
0;1;13;85;493;4557;6985;62398;92369
0;1;12;113;468;4461;6754;62387;93048
0;1;13;97;496;4403;6912;62604;92173
0;1;10;94;507;4436;6973;62727;91907
0;0;13;115;522;4411;6830;62492;92585
0;1;12;91;485;4410;6844;62244;92312
0;2;12;114;515;4440;6934;62651;92683
0;1;17;96;510;4391;6903;62426;92586
0;0;9;82;510;4484;6857;62302;92472
1;0;13;106;486;4567;6969;62241;92367
1;0;13;103;506;4377;6922;62416;92483
0;0;5;117;502;4652;6882;62439;92384
0;0;12;86;523;4443;6983;62773;92593
0;1;14;92;488;4539;6936;62703;92366
0;0;10;124;483;4409;6981;62512;92708
0;2;10;91;501;4534;6886;62001;92737
0;0;13;98;500;4348;6924;62317;92680
0;0;10;111;496;4519;6923;62501;92876
0;0;12;122;523;4509;6915;62406;92464
0;0;11;140;522;4503;7014;61853;92600
0;0;9;96;464;4431;6768;62300;92726
0;0;17;118;489;4566;6942;62582;92833
0;2;7;104;504;4499;6863;62531;92479
0;0;12;96;486;4546;6875;62224;92480
0;0;11;120;492;4555;6876;62239;92868
0;1;10;104;478;4421;7085;62523;92156
0;1;16;116;493;4366;6911;62813;92977
0;0;11;112;499;4426;7038;62242;92392
0;0;12;106;528;4495;6884;62972;92528
0;1;10;115;491;4474;6938;62206;92504
0;0;9;109;450;4456;7107;62643;92586
0;2;8;108;481;4571;7280;62435;92408
0;0;8;116;472;4380;6983;62418;92548
0;0;6;126;538;4434;6938;62515;92795
0;0;7;126;479;4431;6871;63258;92066
0;2;16;105;462;4385;6998;62575;93037
0;0;12;115;501;4450;6910;62707;92295
0;1;13;105;515;4527;6946;62448;92553
0;0;9;103;483;4484;6942;62333;92785
0;0;9;100;516;4484;6887;62342;92529
0;0;13;110;477;4523;7097;62273;92940
0;0;15;90;493;4511;6869;62581;92603
0;1;12;91;531;4535;6945;62750;92428
0;1;10;92;515;4392;6866;62701;92701
0;0;7;121;555;4438;7000;62484;92666
0;0;9;106;480;4527;6923;62549;92757
0;1;16;95;509;4472;6923;62812;92471
0;1;10;100;472;4426;6812;62760;92924
0;1;8;97;498;4505;6941;62333;92685
0;0;15;87;501;4564;6928;62793;92083
0;1;11;104;490;4475;6953;62601;92219
0;1;17;108;516;4578;6931;62631;92723
0;0;11;120;487;4432;6968;62331;92744
0;0;13;96;509;4417;6959;62014;92811
0;0;14;110;482;4449;6979;62574;92523
0;2;15;114;477;4511;7076;62706;92180
0;0;16;102;481;4560;6989;62169;92533
0;0;9;109;494;4311;6811;62801;91953
0;1;18;113;508;4405;7029;62602;92530
0;1;17;101;522;4462;6883;62851;91851
1;0;14;84;477;4492;6993;62745;92204
0;0;11;98;520;4578;7046;62489;92573
0;0;14;88;513;4510;6844;62470;92769
0;1;11;113;527;4486;6944;62479;92210
0;0;12;109;488;4509;6989;62442;92788
0;0;12;93;481;4420;7043;62793;92843
0;0;15;112;491;4483;6998;62330;91824
0;1;10;87;502;4494;6900;62309;92353
0;0;13;108;505;4516;6847;62485;92402
0;0;20;99;488;4377;6932;62187;92822
0;0;10;118;461;4397;6975;62449;92346
0;0;19;98;497;4431;6844;62529;92466
0;1;17;103;509;4505;6982;62446;92354
0;0;15;108;494;4398;6868;62512;92696
0;2;11;114;494;4444;6978;63061;92639
1;0;11;88;478;4390;6925;62804;92600
0;1;9;95;499;4511;6913;62711;93104
0;0;14;101;462;4424;7076;62642;92423
0;0;12;109;489;4462;7053;62747;92809
0;0;12;102;490;4438;6995;62604;92520
0;1;14;95;475;4394;7106;62425;92759
0;2;7;114;514;4457;6958;62438;92226
0;1;11;95;487;4416;6888;62652;92532
0;1;17;102;474;4627;6985;62468;92292
0;0;10;116;503;4322;6922;62843;92089
0;0;11;104;484;4451;6970;62845;92620
0;0;15;115;517;4492;6917;62459;92837
0;3;14;102;503;4432;6996;62295;92622
0;1;12;108;515;4452;7054;62437;91836
0;2;17;103;474;4549;6904;62238;92492
0;1;8;115;457;4451;6931;62458;92897
0;0;10;106;465;4463;6904;62427;92503
0;0;15;114;501;4470;6966;62514;92332
0;0;18;106;476;4453;6776;62162;92461
0;0;10;109;464;4530;6914;62301;92840
0;0;11;118;511;4510;6931;62057;92492
0;1;17;116;536;4372;6863;62858;92260
0;0;15;100;480;4320;6981;62803;92385
0;1;7;98;557;4468;7025;62353;92768
0;0;14;108;484;4531;6990;62544;92972
0;0;6;104;490;4469;6921;62535;92400
0;0;9;98;492;4285;7076;62355;92460
0;0;4;105;470;4495;6936;62694;92090
0;3;15;107;527;4411;6952;62385;92817
0;0;11;102;508;4451;6839;62162;92514
0;0;6;101;511;4574;6913;62529;92888
0;0;8;112;504;4361;6985;62453;92597
0;1;13;95;478;4368;7054;62509;91909
0;0;8;109;528;4456;6906;62016;92265
1;2;12;113;495;4487;6897;62261;92641
0;1;10;106;482;4429;6975;62831;92543
0;0;14;113;481;4459;6939;62584;92532
0;0;12;93;523;4533;6873;62761;92716
0;0;14;90;426;4624;6981;62713;92431
0;1;9;107;473;4585;7086;62689;92926
0;1;9;118;449;4533;6837;62820;93069
0;1;13;99;497;4513;6890;62665;92368
0;0;7;110;504;4449;6974;62545;92239
0;1;10;94;517;4583;6981;62373;92456
0;0;8;106;486;4582;6954;62447;92252
0;0;7;105;509;4374;6932;62435;92714
0;0;14;108;492;4337;7032;62242;92422
0;1;5;95;477;4411;6939;62956;92069
0;0;13;89;540;4459;6949;62574;92689
0;0;9;105;499;4431;6864;62345;92458
0;2;11;96;479;4598;7071;62423;92356
0;0;1;106;537;4456;6960;62313;92252
0;1;13;101;503;4526;6930;62240;92263
0;0;14;100;485;4544;6999;61855;92512
0;0;8;128;463;4410;6868;62534;92400
0;0;13;110;476;4531;6933;62871;92617
0;0;7;103;511;4438;6973;62237;92701
0;1;12;99;523;4574;6993;62388;92769
0;0;15;106;505;4446;6984;62529;92204
0;0;6;104;509;4638;6901;62039;92424
0;2;8;90;486;4510;6901;62643;92527
0;0;17;121;541;4307;6967;62425;93079
1;1;10;114;533;4545;6958;62132;92399
0;2;15;97;491;4321;6981;62638;93229
0;0;11;98;527;4497;6730;62725;92726
0;0;14;92;504;4442;7075;62469;92749
0;0;6;101;475;4485;6952;62630;92577
0;0;9;97;461;4466;6954;62165;92238
1;2;14;114;465;4546;7113;62548;92353
0;0;10;107;521;4438;6966;62165;92431
0;1;11;93;485;4449;6764;62618;92344
0;3;10;114;508;4515;6855;62592;92052
0;1;18;97;496;4499;6993;63124;92277
0;1;9;123;489;4429;6955;62066;92359
0;0;13;99;498;4468;6720;62665;92356
0;0;8;109;483;4474;7082;62618;92581
0;0;14;104;509;4499;6893;62525;92780
1;0;11;100;527;4427;6859;62728;92546
0;0;12;97;498;4445;6953;62377;92166
0;0;9;95;460;4371;6924;62969;92222
0;1;11;93;511;4515;7047;62548;93080
0;0;15;107;498;4411;7059;62497;92373
0;0;10;91;472;4416;6899;62717;92697
0;0;15;99;503;4531;6832;62440;92795
0;0;11;109;491;4448;6892;62173;92444
0;0;12;111;488;4512;6984;62468;92784
0;1;10;101;495;4475;6922;62722;91992
0;0;18;115;493;4459;6989;62157;92460
0;3;11;95;455;4435;6907;62707;92510
0;1;9;101;449;4480;6888;62507;92269
0;0;15;103;541;4491;6899;62448;92862
0;0;10;107;543;4544;6979;62979;92603
0;1;11;98;488;4356;6925;62339;92341
0;0;12;116;486;4561;7026;62336;92829
0;1;12;108;464;4467;6974;62713;92431
0;0;5;101;490;4444;6912;62760;92418
0;0;13;110;497;4545;6867;62901;92119
0;1;13;114;499;4487;6889;62652;92640
0;1;13;104;519;4404;6760;62631;92598
0;0;12;101;497;4561;6975;62056;92446
0;0;11;109;481;4421;6760;62122;92082
0;1;16;90;486;4405;6958;62469;92643
0;0;12;101;520;4472;6985;62382;92065
0;1;12;88;493;4425;7016;62288;92398
0;0;7;112;486;4521;6879;62694;92636
0;2;12;94;526;4482;6985;62824;92164
0;0;10;103;465;4537;6809;62721;93186
0;2;12;100;485;4541;7008;62409;92623
0;0;13;100;499;4478;6847;62651;92157
0;1;10;97;506;4419;6913;62633;92915
0;0;15;116;510;4412;6889;62329;92144
0;0;12;99;530;4514;6872;62578;92491
0;0;12;111;523;4535;6817;62405;92688
0;0;12;94;519;4487;7002;62413;93053
0;0;17;105;510;4454;7001;62402;92866
0;0;12;106;528;4531;6959;62350;92495
0;0;9;94;514;4500;6858;62509;93158
0;1;15;101;524;4382;7043;62858;92298
0;0;21;117;487;4530;6902;62509;92701
0;0;10;89;532;4491;6962;62747;92751
0;1;11;102;484;4558;7132;62394;92966
0;0;5;105;457;4552;6972;62121;92450
0;2;14;90;514;4464;6815;61778;92695
0;0;11;111;505;4481;6942;62579;92844
0;1;11;93;493;4363;6982;62470;92722
